
# resume 22
xmean
1	1	1	1	1	1	1	1	1	1	1	1	1	1	1	1	1	1	1	1	1	1
path for sigma
-0.656668	-0.197394	-0.378671	-1.28926	0.133936	0.887685	0.442827	0.735296	0.319593	0.78248	0.626559	-0.091447	0.410902	0.451074	-0.0565314	1.06626	0.117335	0.229646	-0.810938	-0.24803	0.177213	-2.20943
path for C
-0.0660305	-0.0419959	-0.0339737	-0.14131	0.0120041	0.107266	0.133544	0.160775	0.0958599	0.13702	0.1139	0.0591394	0.0626184	0.0864563	0.0525585	0.0848649	-0.100189	-0.397308	-0.912559	-1.72434	-3.39928	-7.09912
sigma 5.91064e-09
covariance matrix
0.0151525
0.00826893	0.0152956
0.00324857	0.0073453	0.0173372
0.00143755	0.0050218	0.0101846	0.0194642
0.000753206	0.00258241	0.0083688	0.0104146	0.0221283
0.00247174	0.000627072	0.00493462	0.00730354	0.0123727	0.0238031
0.00152823	0.000998382	0.00511251	0.00491209	0.0076385	0.0157618	0.0268236
0.000313775	0.000515875	0.00117846	0.00209848	0.00155505	0.00712234	0.0156642	0.0242878
0.00143908	-0.000625554	-0.000462531	-0.000224203	0.0012598	0.00312994	0.00542836	0.0118191	0.0234286
0.000374574	0.00112648	0.000482208	-0.00102862	0.000419199	0.00043938	0.00230292	0.00432578	0.0117442	0.0228323
8.70241e-05	0.000275882	0.0005947	-0.000657241	-0.00143157	-0.00228641	-0.00115619	0.000750457	0.0063112	0.0143107	0.026957
0.000876036	0.00038283	-0.000530968	0.000543062	0.000168333	0.00167686	0.00182015	0.00361266	0.00461671	0.00901219	0.0185	0.0294866
0.00146912	-0.00058301	5.15714e-05	0.000134434	0.000703343	0.00093207	0.00370223	0.00346873	0.00348268	0.00557803	0.0102127	0.0171527	0.0292998
0.00111062	-0.000464139	-0.000434283	-0.00113621	-0.00119547	-0.0013222	0.00109369	0.00204407	-0.000501942	0.00222507	0.00680851	0.0103834	0.0175225	0.033885
0.00198903	0.00138612	0.000457925	-0.00029623	-0.00153609	0.000239984	0.00207504	0.000488141	0.000380454	0.00149677	0.00315709	0.00549819	0.00809334	0.0194315	0.0329625
0.00177709	-0.000685262	0.000261489	-0.00137995	-5.90592e-05	0.000524353	0.00119284	0.0012995	0.00020776	0.00154937	0.00256475	0.00415296	0.00532553	0.0146543	0.0244601	0.0437061
0.00132565	-0.00326956	-0.0026148	-0.00229156	0.00194819	0.00311877	0.000691788	-0.000218199	0.00196879	0.00172775	0.0014687	0.00309978	0.00638216	0.0114475	0.0172708	0.0339223	0.0583179
0.000850779	-0.00177677	-0.0032746	-0.000730237	0.00314937	0.00155591	0.000714003	2.41261e-05	0.00294352	0.000767435	-0.000148479	0.000705803	0.00298831	0.00607264	0.0112677	0.0306237	0.0552321	0.105607
0.000932025	-0.00373554	-0.00478611	3.01974e-05	0.00232117	0.00355934	0.000669623	-0.000136636	0.0042274	0.00145947	-0.00285375	-0.000593473	0.00610288	0.00822922	0.0151533	0.041045	0.0744307	0.148655	0.27871
-0.00106494	-0.00978773	-0.0107547	-0.00116808	0.000304041	0.00359638	0.00294567	0.00188935	0.0086953	-0.000183936	-0.00479338	-0.00253538	0.0100667	0.011944	0.0225839	0.0699627	0.122308	0.255878	0.489116	0.957942
-0.000549813	-0.0209767	-0.0235155	-0.00195456	-0.00321872	0.00723907	0.00500803	-0.000341104	0.0165011	0.00266999	-0.00626703	-0.00514182	0.0185732	0.0219287	0.0399457	0.131387	0.229668	0.478021	0.916878	1.82489	3.62344
0.00141532	-0.0422996	-0.0475616	-0.00367441	-0.00448688	0.0131085	0.00933146	-0.00513112	0.0295118	0.00481954	-0.0129539	-0.00997883	0.0353428	0.0438555	0.0751476	0.249346	0.437668	0.913869	1.7543	3.50418	6.99495	13.7188


# resume 22
xmean
1	1	1	1	1	1	1	1	1	1	1	1	1	1	1	1	1	1	1	1	1	1
path for sigma
1.15633	-0.43829	-0.889317	0.963459	0.307646	-0.294248	-0.340407	-0.850631	-0.686354	-0.00223034	-2.31146	1.08963	-0.654253	-0.345304	-0.249963	-1.00535	0.0889408	-1.01285	0.658332	-0.775692	0.776152	-1.15375
path for C
0.0856758	-0.0573579	-0.0561025	0.0705246	0.026254	-0.0411835	-0.106791	-0.167588	-0.153706	-0.0963892	-0.262953	0.02857	-0.129139	-0.15368	-0.124755	-0.197709	-0.217267	-0.348149	-0.381223	-0.874671	-1.53954	-3.40803
sigma 6.59837e-09
covariance matrix
0.0197414
0.0112775	0.0235947
0.00645109	0.0118979	0.0202044
0.00423706	0.00628828	0.0105721	0.0189464
0.00468493	0.00562752	0.00700262	0.0122864	0.0229922
0.00578859	0.0051034	0.00443793	0.00577293	0.0119071	0.0215185
0.00187359	0.00268436	0.00355323	0.00422197	0.00558048	0.0113759	0.0208025
0.00279398	0.00359387	0.00557418	0.00539247	0.00507894	0.00858054	0.0128834	0.0219032
0.00199352	0.000127144	-0.000855648	-0.00232759	-0.00234791	0.00532409	0.00705109	0.0114804	0.0230601
0.00191035	-0.00149643	-0.0038325	-0.00168082	-0.00212425	0.000671812	0.00102217	0.00583055	0.0124638	0.0216667
0.00091714	-0.00161759	-0.00210475	-0.000865339	-0.000635799	-0.000161114	0.00133666	0.00406159	0.0069784	0.0131525	0.0235199
0.000682167	-0.00227943	-0.000428687	-0.00109576	0.000188922	0.00240879	0.00150068	0.00192052	0.00461066	0.00685884	0.012407	0.0239174
0.000967688	-0.0012389	0.000528528	0.000102398	0.000591836	-0.000116329	0.00209284	0.00295451	0.00289343	0.00412817	0.00785746	0.0139836	0.02653
0.00101109	0.000187179	0.00113903	5.6073e-05	0.00088257	0.00144929	0.00340147	0.00328346	0.0022049	0.00142578	0.00391974	0.0071749	0.015005	0.0272731
0.000900029	0.000840422	-0.000580614	0.000353514	-0.000885625	0.000538929	0.00210055	0.000678189	0.000733194	-0.000968435	0.000334726	0.00281083	0.00868533	0.0176887	0.0313692
0.00196358	0.00077524	-0.00186325	0.000219941	0.00134648	0.0033428	0.00149295	8.28798e-05	0.00178749	-0.000527945	4.97136e-05	0.00461784	0.00793653	0.0132257	0.0218918	0.0378957
0.0010089	-0.000470232	-0.00361862	0.000323114	-0.000313399	0.00109707	0.00118571	-0.000746405	-5.72274e-05	-0.00123973	-0.00131305	0.00177182	0.00793158	0.0107105	0.0196936	0.0344514	0.0628896
0.00299352	0.000570847	-0.0015906	0.00243769	0.00199539	0.0024566	0.00165191	-0.000181313	0.00043315	-0.00229798	-0.00124238	0.00366002	0.00784617	0.00948367	0.016259	0.0328358	0.0639151	0.101782
0.00637302	0.000707018	-0.00613165	0.00256848	0.00608958	0.00681727	-0.000569822	-0.00178632	0.000947911	-0.00319333	-0.00303319	0.002924	0.0112245	0.00995693	0.0205156	0.0411759	0.0896999	0.149348	0.289163
0.0137681	0.00409442	-0.0112474	0.00317677	0.0130878	0.0145505	-6.21745e-05	-0.00301112	0.00238747	-0.00732042	-0.00686308	0.00281243	0.022914	0.0189879	0.0341551	0.0693033	0.15198	0.253992	0.510487	1.0047
0.0302261	0.00340854	-0.0258075	0.0055137	0.0228608	0.023187	-0.00131568	-0.00781914	0.00346583	-0.0145605	-0.0158383	0.00256843	0.0477882	0.036404	0.0648672	0.134064	0.28905	0.474649	0.963969	1.92967	3.83557
0.0567698	0.00635904	-0.0522488	0.00773032	0.0444353	0.0488698	-0.00111382	-0.0153602	0.00669676	-0.0303305	-0.0360874	0.00325859	0.0916042	0.0679194	0.12496	0.258459	0.562783	0.920052	1.86847	3.74709	7.48413	14.7965


# resume 22
xmean
1	1	1	1	1	1	1	1	1	1	1	1	1	1	1	1	1	1	1	1	1	1
path for sigma
1.2452	-0.868727	-0.330994	-0.302801	-0.230766	-1.47206	1.55841	-0.259377	0.570342	-0.0692872	-0.26024	0.552373	-0.645027	0.28435	-0.893418	0.0285701	-0.670987	1.05851	0.0183602	-0.604529	-0.362045	-0.812874
path for C
0.145952	-0.0868681	-0.0622009	-0.0716729	-0.0919931	-0.103063	0.183564	0.0403474	0.105589	0.0117458	-0.00461868	0.0444013	-0.0576727	-0.0153439	-0.148232	-0.0738804	-0.185929	-0.0587924	-0.334009	-0.900224	-1.68862	-3.29686
sigma 5.62335e-09
covariance matrix
0.022573
0.0110276	0.0198003
0.0104708	0.0112068	0.0203267
0.00398637	0.00458862	0.00889111	0.019496
0.0035542	0.00408643	0.00604401	0.0115204	0.0223554
0.00197382	6.85274e-05	0.00155174	0.00648192	0.0101761	0.0202973
0.00281357	-0.000254266	0.000647896	0.002216	0.00340664	0.0102277	0.0242577
0.000633773	-0.00149387	-0.000739381	0.00287193	0.00416227	0.0078071	0.0152944	0.0278286
-0.000258991	-0.0037184	-0.00222383	0.000380643	-0.00145904	0.00288032	0.00718	0.0148055	0.0329012
-0.000840221	-0.000947414	-0.00262171	-0.00248161	-0.00174678	-0.00124023	0.00242226	0.00871736	0.0160536	0.0275421
-0.000595054	-0.00031137	-0.00087379	-0.00148018	0.000689221	-0.000612145	0.000368041	0.00487736	0.0103494	0.0161472	0.0287092
0.000525446	-6.14665e-05	0.000826474	0.00117881	0.00105566	0.000518641	-0.00117497	0.00065641	0.00469485	0.00599179	0.0139261	0.027529
0.00262351	0.000718267	0.00154555	0.00109509	0.00103991	0.000634435	-0.000728288	-4.37325e-05	0.002206	0.00429856	0.00903015	0.0160174	0.0303415
0.00127943	-0.00115196	-3.8945e-05	0.00135232	0.000354115	0.00049564	0.00166534	0.00175192	0.00168101	0.00182047	0.00334188	0.00972301	0.0195771	0.0341595
0.00132563	0.00116078	0.00142564	0.000234571	-0.000159888	0.0013863	0.000176827	0.000419465	0.000116481	0.00195667	0.000593525	0.00414796	0.00927989	0.0187798	0.0338783
0.000411959	-0.000609322	0.000405399	-0.000188382	-9.01212e-05	0.000835223	0.00215196	0.000890511	0.00312815	0.00374032	0.0029948	0.00423495	0.00767571	0.0129838	0.024236	0.045852
-0.00158579	-0.00152429	0.000532776	0.000129099	0.00108562	-0.00119719	0.000201473	0.00256255	0.00691492	0.00575256	0.00403931	0.00342567	0.00471595	0.00843976	0.0169399	0.036305	0.0671088
-0.00135887	-0.000345254	-0.00239152	0.000206765	0.00276828	-0.000707289	0.000846715	0.00110879	0.00813162	0.00897436	0.00329942	0.00505484	0.00519726	0.0102487	0.0149263	0.0346922	0.0664868	0.118165
-0.00502418	-0.00157198	-0.00449199	-0.000464156	-0.000107718	-0.00433493	0.00382407	-0.000312093	0.00799084	0.0100388	-0.00349574	0.00250971	0.00401933	0.0144876	0.0200793	0.0488706	0.0888227	0.169491	0.32552
-0.0126221	-0.00243724	-0.00782624	-0.00077912	0.00135073	-0.0115852	0.00386171	-0.00293589	0.0168979	0.0198721	-0.00732426	0.00520369	0.00223309	0.0274273	0.0377745	0.0834283	0.165485	0.313229	0.616548	1.28826
-0.0236683	-0.00209883	-0.0155257	-0.00197347	0.00218293	-0.0239006	0.0103908	-0.00781755	0.0307263	0.0388323	-0.0183259	0.00642043	0.00268704	0.0476349	0.0705874	0.160748	0.317531	0.600007	1.18665	2.4965	4.98367
-0.0471614	-0.00185267	-0.0293179	-0.00359671	0.00673495	-0.0450651	0.025477	-0.0105762	0.0575177	0.0781116	-0.0387543	0.0115318	0.00460782	0.0914194	0.134814	0.313145	0.614871	1.1601	2.28846	4.83022	9.68439	19.0433


# resume 22
xmean
1	1	1	1	1	1	1	1	1	1	1	1	1	1	1	1	1	1	1	1	1	1
path for sigma
-1.94095	-0.155639	-0.346455	0.279416	1.07339	0.132867	0.0622787	0.0957397	0.181729	-0.360944	0.474026	-0.26852	-0.213961	0.178462	-0.0109276	0.186466	0.417844	0.240144	0.540683	0.0748256	-0.0374223	-0.372924
path for C
-0.232665	-0.0443792	-0.0461807	0.0588936	0.157763	0.0543697	0.0317925	0.0407026	0.0505449	-0.00997202	0.0276737	-0.0422012	-0.0346492	0.0231701	0.0093591	0.0489426	0.087098	0.0703061	0.0283999	-0.196957	-0.525534	-1.13365
sigma 7.86711e-09
covariance matrix
0.0173516
0.00597424	0.0187087
0.00190022	0.00781015	0.018621
0.00321625	0.00714436	0.0105999	0.0245526
-4.77215e-05	0.00309728	0.00514695	0.0132508	0.0242175
-0.000617349	0.00211429	0.00308971	0.00657212	0.0126143	0.021369
0.00248544	0.000195754	-0.000303239	0.00463854	0.0103416	0.0134959	0.0276504
0.00198448	-0.00163728	-0.00169675	0.00212298	0.00576306	0.00763273	0.0175298	0.0311188
-0.00100499	-0.00337659	-0.00189605	0.000259902	0.00306088	0.0044647	0.0107503	0.0201198	0.031163
-3.72009e-05	-0.00178036	-0.000783728	0.000203515	0.000856884	0.00218282	0.00481957	0.0106899	0.014783	0.0258209
-0.000911457	-0.000624815	0.00135436	-3.78547e-05	-0.00117025	0.000722417	-0.00043297	0.00296182	0.00588835	0.0157501	0.0323775
-0.00310821	-0.00110893	-0.000735158	-0.00143123	-0.000923056	0.00412639	0.0024719	0.00171495	0.00462069	0.00980557	0.0193855	0.0354505
-0.00166352	-0.00115033	0.00174697	9.59249e-05	-0.000374551	0.00238224	0.00187678	0.00139642	0.00243057	0.00392082	0.0102292	0.0164119	0.0333629
0.000899696	0.00223682	0.00139304	0.000934116	-0.000569208	-0.000304542	0.000590747	0.000507405	-0.00100822	0.00157236	0.00529072	0.00870675	0.0190911	0.0393913
0.00208817	0.00321534	0.00262895	0.00168243	-6.25246e-05	-0.000880711	0.00143721	0.000171972	-0.000176825	0.00234699	0.00191819	0.0022422	0.0118965	0.0241519	0.0416169
0.000352603	0.001102	0.000875942	0.00294063	0.000542079	-0.00118304	0.00201422	-0.00120507	0.000526778	-0.000135545	-0.000407385	0.00365508	0.00766486	0.0150836	0.0274461	0.048903
-0.000305005	-0.00126715	-0.00082091	1.99194e-05	0.00117454	-0.000623225	0.00108112	-0.000679855	0.000415956	-0.00225958	-0.00192273	0.00319115	0.0030745	0.0107613	0.0191651	0.0366108	0.0638982
-0.00353467	-0.00338088	-0.00404257	-0.00287304	-0.000106456	-0.00103413	0.00408738	0.000488686	4.63482e-05	2.30418e-06	0.00182302	0.00613524	0.00213727	0.00399962	0.0174336	0.0355713	0.0706934	0.142817
-0.00600193	-0.0078166	-0.0058717	-0.00400674	-0.00112935	-0.00313543	0.00145864	-0.00334011	-0.000969955	0.000664645	0.00815881	0.0115559	0.00489776	0.00826034	0.025065	0.0454935	0.0950482	0.202774	0.389624
-0.0100004	-0.0150273	-0.0127774	-0.0131711	-0.00766885	-0.00840583	0.00102965	-0.00676704	-0.00206272	-0.00158715	0.0145061	0.0197993	0.0122082	0.0172541	0.0453326	0.0847208	0.157863	0.348488	0.685329	1.3454
-0.0224088	-0.0314305	-0.0248004	-0.0292559	-0.0189056	-0.019171	-0.0031383	-0.0172949	-0.00791565	-0.00511192	0.0308258	0.0432109	0.0268142	0.0355756	0.0832393	0.16141	0.302834	0.665149	1.31611	2.60769	5.21135
-0.0433036	-0.0630735	-0.049611	-0.0551176	-0.0326837	-0.0377241	-0.00429858	-0.0336551	-0.0197632	-0.0106328	0.0599559	0.0799539	0.0499333	0.0694568	0.160629	0.311316	0.582703	1.28345	2.54138	5.04251	10.1254	19.8967


# resume 22
xmean
1	1	1	1	1	1	1	1	1	1	1	1	1	1	1	1	1	1	1	1	1	1
path for sigma
0.120682	-0.956695	-0.00384267	0.271574	-0.639166	1.5028	0.589024	-0.451011	-0.591322	0.145666	0.472081	0.379354	0.654003	-1.5821	0.901189	-0.197751	-1.0521	-0.256618	-0.971527	0.154748	-0.69239	-0.897787
path for C
-0.0511022	-0.106901	-0.0244259	0.0255817	0.00250112	0.1648	0.097676	-0.00951135	-0.0470966	-0.00205904	0.0581364	0.0553273	0.0527834	-0.158995	0.0225575	-0.114125	-0.285641	-0.366149	-0.644179	-0.926554	-1.81814	-3.48931
sigma 6.03521e-09
covariance matrix
0.0168317
0.00891314	0.0152994
0.00526853	0.00816489	0.0136245
0.00370834	0.00375258	0.0075739	0.0146241
0.00222381	0.00187214	0.004712	0.00814134	0.0157945
-0.000249452	-0.000676834	0.00105718	0.00531911	0.0100665	0.0196623
0.00017371	-0.000100626	0.000859648	0.00245515	0.0055557	0.0117571	0.0204785
0.000571825	-0.000894964	-0.000306015	0.00181997	0.00318096	0.00747818	0.0117955	0.0198802
0.000430485	-0.000432756	0.0002442	0.000493402	0.00192636	0.0045129	0.00750773	0.0139977	0.0218046
0.000204116	0.000291271	0.00250482	0.0011944	0.000639537	0.000869437	0.00403219	0.00838629	0.0127362	0.0189426
0.000855776	0.000505816	0.00180457	0.00107891	-0.000809704	-0.000730694	0.00184825	0.00396034	0.006461	0.01235	0.0200395
0.000442051	-0.000817535	0.00159928	0.000872152	0.000133262	-0.000708544	6.11853e-05	0.00159918	0.00356151	0.00769958	0.0129362	0.0205214
0.00121353	-0.00125833	0.000967419	0.00141029	0.000738416	0.00137596	-0.000682106	0.00101411	0.00155579	0.00326265	0.00622383	0.0112066	0.0222889
0.00169639	0.00146609	0.0017126	0.0015203	0.000136248	0.000528973	-0.000133566	0.000429391	0.0027447	0.00387932	0.0054527	0.00674209	0.0132009	0.0251794
0.00178976	0.000757997	-0.000212855	-0.00109667	-0.00128727	0.000207425	-0.00136966	-0.00119514	0.00242563	0.000534827	0.00236617	0.00193243	0.00647189	0.0150894	0.0292886
0.000817728	-0.00131605	-0.00104232	0.000665459	-0.00123088	4.4647e-05	-0.00097496	0.000376096	0.00148888	-0.000171909	0.00108216	0.00106724	0.00475559	0.00926655	0.0183976	0.0328784
0.00109662	-0.000634146	-0.000780087	-0.000695781	-0.00170048	-0.000215288	-0.00269116	-0.000458018	0.000349111	0.00013641	0.00023457	0.00103434	0.00188389	0.0058792	0.0113892	0.0246902	0.0422869
0.00258963	0.00098703	0.00131772	-0.00119994	-0.00376209	-0.000942535	-0.00357342	-0.00144904	0.00124035	0.00289352	0.000508238	-0.000156941	0.00361339	0.00645084	0.0110922	0.0227365	0.0457739	0.087729
0.00651898	0.000297933	0.000723657	-0.000809978	-0.00670467	-0.00249907	-0.0049843	-0.000727947	0.00105305	0.00319654	0.00164899	-0.00180704	0.00229534	0.00805792	0.0129296	0.0303325	0.063481	0.126994	0.249008
0.0113244	-0.00292648	0.00171069	-0.000386068	-0.0110181	-0.00274599	-0.0133722	-0.00157783	0.00358806	0.00801032	0.00469972	0.000640444	0.00707806	0.0153514	0.0195258	0.0522746	0.104332	0.213317	0.424813	0.807829
0.0202829	-0.00698421	0.00224519	-0.00131543	-0.0213886	-0.00187552	-0.0251571	-0.00616931	0.00491668	0.015034	0.00824619	-0.000363235	0.0129315	0.0255437	0.03324	0.0952857	0.192794	0.400068	0.808835	1.55156	3.08731
0.0397716	-0.0165787	0.00330831	-0.00340585	-0.0420033	-0.00144394	-0.0493322	-0.0127438	0.0110735	0.0314672	0.0151839	-0.000220857	0.0265719	0.0519383	0.0645879	0.183495	0.371338	0.777045	1.56371	3.01067	6.02646	11.9112


# resume 22
xmean
1	1	1	1	1	1	1	1	1	1	1	1	1	1	1	1	1	1	1	1	1	1
path for sigma
-0.901598	0.735636	0.763901	-0.486721	-0.179202	-0.077085	-0.887576	0.0304893	-0.971518	0.735205	0.712582	0.101871	-0.779643	0.334227	0.442372	-0.250802	-0.973219	-0.643439	-0.0271976	-0.140503	-0.0859585	-0.565271
path for C
-0.0754669	0.0645651	0.0522088	-0.0343186	-0.0433453	-0.0708323	-0.0990685	-0.0424305	-0.0989265	0.0816241	0.0877142	0.0302859	-0.0318507	0.00662478	0.0271095	-0.117248	-0.233499	-0.286603	-0.355973	-0.599059	-1.17211	-2.38631
sigma 3.45185e-09
covariance matrix
0.0150762
0.00625964	0.0154914
0.00165788	0.00708998	0.0149437
0.00156624	0.00265138	0.00914751	0.0203767
0.00119175	0.00148531	0.00404868	0.0101221	0.0166048
0.00198568	0.00170948	0.00230736	0.00438682	0.00896989	0.018547
0.00100744	0.00374498	0.00255912	0.00269973	0.00435276	0.0109574	0.0197747
0.00194315	0.000724206	0.000346015	0.000759257	0.00223299	0.00640288	0.0114086	0.0222386
0.00261385	0.00115759	0.00073721	0.000472418	0.00104517	0.00457214	0.00731926	0.0118588	0.0183983
0.000150808	0.000525124	0.000464035	0.000922111	0.0023602	0.00324574	0.0046018	0.00930481	0.0118172	0.022881
0.000786649	-0.000801905	-0.000591053	0.00246605	0.00210336	0.00227254	0.00163573	0.00466714	0.00733257	0.013804	0.0227689
0.000660953	-0.00168024	-7.88178e-05	0.00174586	0.00149271	0.00134259	0.000880357	0.00183847	0.00491552	0.00766054	0.0128508	0.0239455
0.00112204	-0.000687198	0.000655018	0.000319869	0.00147512	0.000939384	0.00117645	0.00359217	0.00348742	0.00475987	0.0091206	0.0151542	0.0252788
0.00124328	0.000575605	0.000847007	0.00256867	0.00203623	0.0023712	0.00309596	0.00289894	0.00209962	-4.16845e-05	0.00237821	0.00580943	0.011593	0.0243667
0.000185273	0.000973827	0.00213003	-8.95295e-05	0.00117522	0.000743917	0.00150502	0.00010108	0.00062823	-0.00205383	-0.00160735	0.00257153	0.00710607	0.0146758	0.0290389
-0.00336911	-0.000109937	0.00112992	0.000408317	0.00349163	0.00288385	0.00235076	0.000732874	0.000658393	-0.000913563	-0.00122632	0.000435206	0.0021587	0.00903587	0.0183461	0.0364656
-0.000948972	0.00189207	0.00212995	-0.000412132	0.00138349	0.00136438	0.00131748	0.000336443	0.000975106	-0.00158817	-0.00228583	-0.00194316	-0.000807732	0.00574385	0.0108801	0.0265437	0.0450932
-0.00215891	0.000762499	0.00146005	-0.0020334	-0.0014612	-0.000897558	0.000132651	0.000692869	0.000268932	-0.00409454	-0.00348508	-0.000897534	0.000405889	0.00537401	0.00777067	0.0263523	0.0480111	0.0944471
-0.00479478	0.00298092	0.00224491	-0.00805677	-0.00437669	-0.000171505	0.000313124	0.00312438	0.0016383	-0.00583544	-0.00687258	-0.00418384	-0.000622477	0.0037701	0.00844587	0.0364491	0.0664903	0.140063	0.274558
-0.0112033	0.0045067	0.00357229	-0.0169333	-0.0114132	-0.000480989	-0.00169455	0.00393112	0.00465596	-0.00911747	-0.00773107	-0.00343907	-0.000255831	0.00847548	0.0178228	0.0639386	0.116171	0.24488	0.493621	0.978149
-0.0218954	0.00755041	0.00611766	-0.0354982	-0.0207294	0.00198999	-0.00181449	0.00605541	0.00916698	-0.0173853	-0.0162751	-0.00539892	0.000549589	0.0166803	0.0304017	0.120548	0.219926	0.463051	0.934246	1.87938	3.72068
-0.0416994	0.0178805	0.0138404	-0.0675464	-0.0388227	0.00587285	-0.0058752	0.0125483	0.0174066	-0.0363261	-0.0352746	-0.017578	-0.00273515	0.0317859	0.0584611	0.23694	0.427827	0.897369	1.8118	3.65104	7.25885	14.3295


# resume 22
xmean
1	1	1	1	1	1	1	1	1	1	1	1	1	1	1	1	1	1	1	1	1	1
path for sigma
-1.75216	-0.276408	-1.39891	-1.65091	-0.422988	1.22029	-0.416356	-0.0527219	-1.26625	0.0931871	-0.440753	-1.42014	0.604524	0.479068	0.172838	-0.980515	0.296983	-0.400905	-0.81161	-0.261284	-0.139563	0.0590681
path for C
-0.178859	-0.12408	-0.203715	-0.208178	-0.0652873	0.0759378	-0.0384569	-0.0651171	-0.142977	-0.0663948	-0.0906598	-0.118083	0.0176746	0.0471394	0.0121361	-0.110969	-0.0514527	-0.147547	-0.266653	-0.342451	-0.568206	-0.995987
sigma 5.04338e-09
covariance matrix
0.0141971
0.00713618	0.0150979
0.0031505	0.00844023	0.0167237
0.00123287	0.00385273	0.00944819	0.0155396
0.00146827	0.00287662	0.00540636	0.00717048	0.0153162
0.000608463	0.000162074	0.00363086	0.00413424	0.00898057	0.0182035
-0.000414313	0.000354455	0.00114038	0.00164854	0.00427386	0.00869176	0.015787
0.00094046	0.000486791	0.000637719	0.000994883	0.00196772	0.00371779	0.00879638	0.0174117
0.000871414	7.43757e-05	0.000365892	2.86067e-06	0.000231432	0.00192449	0.00571308	0.00973206	0.0166531
0.00139712	0.000440919	0.00227032	0.00214096	0.00178074	0.00362976	0.00430662	0.00516123	0.0078609	0.0173913
-0.00102237	0.000846207	-0.000371371	-0.000628755	0.000772595	0.00164035	0.00377874	0.00328942	0.00477984	0.00840299	0.0193862
-0.000382773	-0.00094683	-0.00202872	-0.0010637	-0.000674041	0.000566686	0.00192926	0.00148903	0.00266307	0.00497542	0.0106917	0.0187212
0.000845488	0.000774774	-4.69617e-05	-0.00114897	-0.00117687	-0.000688512	0.00169421	0.00082297	0.00200226	0.00375667	0.00597209	0.0112257	0.02395
-0.000889994	-0.000715032	-0.000689104	-0.00026387	-0.00012213	-0.000420678	-0.00145422	-0.000655759	0.00103058	0.00103276	0.00350253	0.00816182	0.0143963	0.0255128
-0.00141989	-0.000811156	-0.000961007	-0.000295485	-0.000974255	-0.00127692	-0.000414701	-0.000740274	0.000393373	0.00135772	0.000219946	0.00141861	0.0087505	0.0148101	0.0255473
-0.00161027	-0.000164367	0.000696584	0.00142224	-0.00061873	-0.00153533	-0.000407331	-0.000602942	-0.000606542	0.000760626	-0.0012066	0.000750592	0.00633273	0.00886142	0.0161716	0.0279728
-0.00069292	0.000321049	0.000285809	0.000961266	-0.000644076	-0.00183953	-0.000297195	0.00181074	0.00118882	-0.000104359	-0.000273914	-7.98307e-05	0.00279089	0.00631272	0.0103012	0.0208716	0.0376863
-0.00051636	0.000777047	0.000914129	0.000356039	-0.00226466	-0.000766019	-0.00107975	0.000773273	-0.000187696	-0.000265	-0.000145803	-0.00051361	0.00359932	0.00465639	0.00890677	0.0180549	0.0351323	0.0675197
-0.000122186	0.00200985	0.00263268	0.00246382	-0.0041243	-0.00264464	-0.00243129	-0.000903697	-0.00445584	0.000288298	0.00105195	-4.0943e-06	0.00481153	0.00752744	0.0125469	0.0250617	0.0448592	0.0970471	0.203507
0.0031879	0.00473754	0.00694822	0.00438388	-0.00372704	-0.003206	-0.00513402	-0.000200507	-0.00865229	0.000506836	0.000592568	-0.000978503	0.00770168	0.0133185	0.0200916	0.0391898	0.0715625	0.161638	0.350939	0.686574
0.00587391	0.00988171	0.0160077	0.0128415	-0.00578316	-0.00679211	-0.012353	-0.00174243	-0.0150592	0.00348104	0.00282227	-0.00233433	0.0116112	0.0201963	0.0369981	0.0710285	0.131067	0.296099	0.651808	1.29043	2.52173
0.0117351	0.0189925	0.0321346	0.0239749	-0.0108334	-0.0102478	-0.019333	-0.00161407	-0.0271285	0.00856859	0.00523851	-0.0044123	0.0223256	0.0395776	0.0711032	0.133339	0.24788	0.564673	1.2461	2.48015	4.87002	9.55551


# resume 22
xmean
1	1	1	1	1	1	1	1	1	1	1	1	1	1	1	1	1	1	1	1	1	1
path for sigma
-0.947249	-0.629801	1.98411	-2.36828	0.0784836	0.7226	0.968145	-0.524885	-0.328839	-1.165	0.577249	-0.130591	-0.153169	0.354391	0.0135617	0.898099	-0.971023	-0.196383	0.867496	-0.0857003	0.35279	-0.144335
path for C
-0.10285	-0.0541561	0.105865	-0.209724	0.0167462	0.0947846	0.10163	-0.0350422	-0.0838445	-0.146107	0.00231338	-0.0202738	-0.00212875	0.0707131	0.0504158	0.0626242	-0.0699201	0.0184107	0.143135	0.105363	0.160402	0.112823
sigma 5.26326e-09
covariance matrix
0.0157887
0.00860073	0.0166666
0.00395619	0.00920995	0.0163535
0.00121876	0.00604767	0.0108254	0.0214095
-0.000719214	0.00365374	0.00604212	0.0104845	0.018778
-0.000766927	0.00250145	0.00404237	0.00640906	0.011415	0.020239
-0.00148517	0.00132453	0.00275266	0.00368127	0.00771869	0.0103964	0.0204182
0.00196419	0.000834379	0.00312181	0.00211199	0.00355179	0.00583894	0.0115464	0.0198844
-0.000198587	-0.000393526	-0.000406206	-0.00053533	0.00161333	0.00125996	0.00562895	0.0113515	0.0195995
-0.000776712	-0.000627004	0.00012789	-0.000701097	-0.000791842	-0.000459499	0.0021328	0.00495426	0.0120648	0.022666
0.000619185	0.000552986	0.000445799	-0.00176308	0.000617255	-0.000436513	0.00049908	0.00270193	0.00752873	0.0129531	0.0225146
0.000953401	0.00232249	0.000894844	9.11653e-05	0.000384118	-1.34774e-05	-0.000609135	0.00109591	0.00277381	0.0063151	0.0127418	0.0216779
-0.00133395	0.00213793	0.00204242	0.00135773	0.00101142	-0.000743837	-0.000237669	0.000566445	0.00146885	0.00362247	0.00698754	0.0139294	0.0259543
-0.000999508	-0.000293805	0.000681342	9.34722e-05	0.000797859	0.000488452	0.00285646	0.00304786	0.00424817	0.00244405	0.00258318	0.00803763	0.0153003	0.0286762
-0.000804202	-0.00162925	6.5862e-05	0.000310035	0.000992851	0.000843071	0.00127261	0.00138682	0.00297318	0.00153264	0.00269954	0.0043381	0.00735756	0.0161986	0.0271805
0.00191774	0.000289508	-0.000545017	0.000327105	0.000931832	-4.39691e-05	-0.000172516	0.00200902	0.00197752	8.47538e-05	0.00125341	0.00374979	0.0063971	0.0113452	0.0190499	0.0351932
0.00109865	0.00268286	-1.75952e-05	0.000483489	0.0026907	0.0029595	0.00119628	-0.00110918	0.000840018	0.00256159	0.00492993	0.00443686	0.00495125	0.00583238	0.0129086	0.0282393	0.0509204
0.00347593	0.00316668	-0.000872888	-0.002744	0.00208718	0.00529367	0.000521253	0.0014208	0.00250504	0.00232309	0.00414246	0.00385334	0.00257053	0.00178793	0.00898864	0.0285574	0.0507304	0.0862186
0.00951519	0.00696454	0.000600999	-0.00153164	0.00531589	0.00818618	0.00324981	0.000858938	0.000769679	0.00291139	0.00493841	0.00597559	0.00423288	0.00162614	0.0116678	0.0371592	0.0677382	0.115682	0.22607
0.0150276	0.0121185	0.0014315	-0.00185912	0.00864961	0.0149351	0.00554061	6.54191e-05	0.00246735	0.00686232	0.00674967	0.0107428	0.00798879	-5.58558e-05	0.0194828	0.061462	0.111954	0.195571	0.399186	0.794885
0.0293326	0.0254608	0.00246765	-0.00407374	0.0155544	0.0238654	0.00749625	-0.00330681	0.00385053	0.0120874	0.0116108	0.0208539	0.0184083	-0.0017146	0.0331959	0.112806	0.208384	0.362346	0.742213	1.51253	2.98973
0.0611837	0.052731	0.00486275	-0.00533385	0.0309121	0.0431779	0.0110406	-0.00931662	0.00552833	0.0283307	0.0247494	0.0427218	0.0369919	-0.00394071	0.0596471	0.218856	0.398582	0.689413	1.41837	2.9018	5.77931	11.3457


# resume 22
xmean
1	1	1	1	1	1	1	1	1	1	1	1	1	1	1	1	1	1	1	1	1	1
path for sigma
0.905019	0.109195	-0.701859	-0.17273	-0.734602	-0.126429	-1.14646	-1.59448	-0.125772	0.354946	0.724866	-1.14433	-0.532937	-0.0930422	-0.26848	0.788352	1.26908	0.335994	-0.128037	-0.616139	0.361446	-0.450478
path for C
0.150966	0.0343781	-0.123674	-0.0942071	-0.194199	-0.112959	-0.261607	-0.316836	-0.0997326	-0.00784167	0.0160586	-0.212613	-0.101716	-0.0341661	0.00958381	0.201074	0.275649	0.0204427	-0.214204	-0.501015	-0.823012	-1.81329
sigma 2.82509e-09
covariance matrix
0.0359747
0.0185367	0.0278167
0.00953506	0.0130125	0.0318424
0.00957262	0.00947747	0.0176987	0.0323445
0.00481524	0.00605691	0.0116414	0.0161872	0.0306562
0.00320228	0.000186948	0.00194526	0.00773901	0.01278	0.0311338
0.00293042	-0.000703233	0.0060518	0.0057059	0.0108145	0.0200434	0.0415388
-0.000391583	0.00197792	0.00581549	0.00279164	0.00524164	0.0104139	0.0220889	0.0364859
0.000346085	0.00335944	0.00320829	-0.000752575	0.00290346	0.00490083	0.014103	0.0226502	0.0427119
-0.000951824	0.000833843	0.0021196	0.00157191	0.00405698	0.00684481	0.013738	0.0148635	0.0290181	0.0461239
-0.00360383	-0.000651793	0.00395351	0.00242256	0.00416781	0.00436181	0.00750092	0.00760501	0.0141459	0.0247515	0.0462638
-0.000291121	0.00277648	0.00328591	0.00630888	0.00808676	0.00421757	0.000749973	-0.000675099	0.00434612	0.0126196	0.0246393	0.0454794
-0.00141768	0.00149089	0.00126598	0.00222418	0.00494388	0.00297413	0.000943322	0.00333709	0.00713199	0.0107487	0.0181371	0.0256912	0.046008
-0.00271694	-0.00169223	0.00106907	-0.000742414	0.00559518	0.0033114	0.0033051	0.00215446	0.00338242	0.00840923	0.0129422	0.0148056	0.0273145	0.0490285
-0.000417916	-0.00215323	0.00168475	0.000120953	0.00650044	0.00433766	0.00570429	0.00199457	0.00226405	0.00560868	0.00889106	0.0114619	0.022292	0.0335416	0.0609116
0.000333445	-0.00087286	-0.00185989	0.00411009	0.00624093	0.00269928	0.00256481	0.00383055	0.00473227	0.00569538	0.00727928	0.0095746	0.0181901	0.0226231	0.0415239	0.0716323
-0.00209569	-0.00203609	-0.00255919	-0.000846244	0.0046281	0.000644809	0.00232083	0.00120954	0.00153546	0.0030892	0.00449765	0.00128995	0.0150869	0.0154602	0.0332412	0.0588295	0.0998157
-0.00859548	-0.00931042	-0.00849239	-0.00222435	0.00899555	0.00106393	0.000844191	0.00372868	0.00185206	0.000828752	0.00120167	0.00418312	0.00923203	0.00673861	0.0279063	0.0563299	0.105715	0.203837
-0.0162175	-0.0215657	-0.0211196	-0.00723641	0.0134331	-0.000782738	-0.00166366	0.00661917	-0.00214071	0.000952212	0.00104374	0.00321434	0.00791559	0.00382825	0.0368587	0.0717936	0.144224	0.289477	0.54246
-0.0324529	-0.0419101	-0.0406457	-0.0164539	0.025406	0.00603316	-0.000396917	0.0129484	-0.000592568	0.00468888	0.00567429	0.00820102	0.0100476	-9.29684e-05	0.0619701	0.119882	0.243289	0.508155	0.968931	1.90209
-0.0645208	-0.0807559	-0.0767122	-0.0355679	0.0526717	0.012732	-0.00717519	0.0201457	-0.00324022	0.0050319	0.0170277	0.0238101	0.0273701	0.00248985	0.122635	0.225171	0.455957	0.965258	1.85433	3.67747	7.34318
-0.128908	-0.16308	-0.159298	-0.0670282	0.111056	0.0275918	-0.0137436	0.0400363	-0.0120115	0.00232326	0.030662	0.0492452	0.056788	0.00375913	0.240335	0.445714	0.888836	1.86797	3.59418	7.13275	14.3177	28.2283


# resume 22
xmean
1	1	1	1	1	1	1	1	1	1	1	1	1	1	1	1	1	1	1	1	1	1
path for sigma
0.932965	-0.843108	-0.209361	-1.63921	-0.104492	-0.0820286	0.10521	-0.755785	0.673588	0.475075	-0.341961	-0.0597193	0.6986	-0.462509	0.443813	-0.811808	-0.255812	-0.594943	-1.68883	-0.353379	-0.274958	-0.801756
path for C
0.117342	-0.14237	-0.114988	-0.251941	-0.0808494	-0.0402037	-0.0312572	-0.129112	0.0967906	0.0555622	-0.0197932	-0.00259792	0.131684	-0.103563	-0.0416672	-0.298654	-0.325479	-0.630429	-1.16521	-1.60406	-2.86438	-5.44949
sigma 3.99915e-09
covariance matrix
0.0294145
0.0120917	0.0295435
0.00468382	0.0129873	0.0302902
-0.00378554	0.00208004	0.0110815	0.0286978
-0.000552927	-0.00041329	0.00103232	0.0108315	0.0267964
-0.000908893	-0.000869764	-0.00261533	0.00408035	0.0119931	0.0338345
-0.00190546	-0.00227877	-0.0009873	0.00428093	0.00838861	0.017532	0.0393753
-0.00461843	-0.0025407	-0.00383184	0.00647702	0.0067601	0.0124978	0.0240783	0.0413522
-0.00143824	-0.00112006	0.000102828	0.00611415	0.0070856	0.00509794	0.0122597	0.0253294	0.0491158
-0.00144654	0.00208438	0.00521831	0.00629874	0.00325211	0.0020174	0.00556861	0.0156101	0.0298878	0.0521313
-0.000717226	-0.00124173	-0.000736781	-0.00115717	5.55063e-05	0.00129356	0.00822449	0.0127439	0.0187865	0.0281006	0.0539983
-0.0020017	-8.45192e-05	-0.00106905	4.31254e-05	-0.00153838	-0.00172334	0.00617551	0.00711706	0.00861431	0.0164029	0.0317066	0.0509161
0.00208908	-0.00148041	-0.00615628	-0.00442682	-0.00042843	0.000647722	0.000431648	0.00422276	0.00712939	0.00901736	0.0169252	0.0304328	0.0574801
-0.00140601	-0.00136972	-0.00186522	0.0027701	-0.000406883	-0.00499053	-0.00267917	0.00173029	0.00274687	0.00456088	0.0111214	0.0208271	0.0384648	0.0628235
-0.00107415	0.00130297	-0.00177745	0.000392113	0.000646871	-0.00326314	-0.000158219	0.00333418	0.003107	0.0046362	0.00776059	0.00897875	0.0212253	0.0362294	0.0614928
-0.000195605	0.00429771	0.00195747	-0.000858503	-0.00178228	-0.00629754	-0.00565287	-7.62859e-05	-0.000218403	0.000352816	0.00542174	0.00409288	0.0100342	0.0194888	0.0428974	0.0783855
0.00154107	0.0027033	-4.62284e-05	-0.00281819	-0.003491	-0.00676573	-0.00274233	-0.0011712	0.000683736	-0.000939308	0.00572737	0.00852953	0.0101591	0.0180478	0.035472	0.0605109	0.101951
0.00351564	0.0059667	0.00444957	-0.00107707	0.00138662	-0.00290426	-0.000968588	0.000430033	-0.00141363	0.00159659	0.000958275	0.00265205	0.00540295	0.0121829	0.0266286	0.0585246	0.104918	0.201168
0.0111105	0.0122665	0.0111361	0.000681978	0.00353699	0.00151699	0.00376344	0.00345895	-0.00493672	-0.00212034	-0.000295638	-0.00116345	0.00244121	0.014036	0.0315573	0.0783928	0.143668	0.294246	0.569359
0.0239234	0.0260105	0.0253122	0.00256533	0.00309083	0.00909759	0.0143429	0.00534534	-0.00661418	0.00260557	0.00741959	0.00397608	0.00541993	0.0134666	0.0528187	0.133706	0.235003	0.504411	1.01647	2.04266
0.0457789	0.0507727	0.0483551	-0.00267933	0.00466854	0.0187692	0.0267639	0.00707714	-0.0166963	-0.000456907	0.0168323	0.00301267	0.0120567	0.01651	0.104793	0.253421	0.448709	0.956678	1.93311	3.91875	7.77493
0.0986072	0.100915	0.0914674	-0.0082962	0.0169778	0.0382637	0.0614868	0.0184295	-0.0325946	-0.0024215	0.0352753	0.00711661	0.0249431	0.0299734	0.195655	0.47187	0.852107	1.81754	3.6926	7.51206	14.9847	29.2569


# resume 22
xmean
1	1	1	1	1	1	1	1	1	1	1	1	1	1	1	1	1	1	1	1	1	1
path for sigma
-1.44614	0.0554646	-0.415218	0.0579935	-0.476541	-0.397695	-0.159896	-1.04944	0.531837	-0.307135	-0.46695	0.410048	-0.656562	0.238626	-0.0931542	0.113494	0.365734	-1.84846	0.473174	0.680198	-0.701479	0.16749
path for C
-0.147252	-0.0201663	-0.0594036	-0.0337252	-0.0548913	-0.0584471	-0.0553602	-0.129708	0.00553478	-0.0527331	-0.0786537	0.000598683	-0.0824279	0.0193416	-0.0332677	0.0050512	-0.0514261	-0.277247	-0.0927319	-0.137045	-0.529166	-0.863443
sigma 4.2364e-09
covariance matrix
0.0188965
0.0112214	0.0252214
0.00583737	0.0123927	0.0193329
0.00380512	0.00440711	0.00931264	0.0209492
0.00102837	0.00258433	0.00664978	0.012897	0.0241996
-0.000261531	0.00102364	0.0032041	0.00614292	0.0118115	0.0191387
-0.00106766	0.00133415	0.00195891	0.00299365	0.00617209	0.0112083	0.022092
0.000804772	0.000872222	0.000993639	0.000792181	0.00141893	0.00301031	0.0119258	0.0255086
-0.00130125	-0.00163146	-0.00199551	0.0010139	0.00226029	0.0043207	0.00845949	0.0147119	0.0284636
0.00045768	-0.00147605	7.34461e-05	-9.07001e-05	0.00234422	0.00275859	0.00375444	0.00727793	0.0143523	0.0231689
0.00328038	0.000497229	0.00110552	0.00121635	0.00384056	0.000860711	0.00209974	0.00310609	0.00526627	0.0119087	0.0276778
0.00113617	-8.04807e-05	0.000589382	0.00109949	0.00165996	0.000970301	0.00156492	-1.25795e-05	0.000289937	0.00711496	0.0151545	0.0288607
-0.000321451	0.00189231	0.00095252	-0.000342004	0.000588014	-0.000661277	0.000851041	0.000170305	0.00156613	0.00328255	0.00838777	0.0157783	0.0315568
-0.00101698	0.000694292	0.000347614	-0.00031811	-0.000765089	-0.00139028	-0.000178476	-8.44085e-05	0.00113123	0.00117821	0.00504878	0.00890157	0.019364	0.0326783
0.00216131	0.00160549	0.000631056	0.00156992	0.00156928	-0.000666276	-0.00107195	0.00046365	0.00138873	0.00138585	0.00459173	0.00388503	0.0113466	0.0220549	0.0411956
-0.000132547	-6.59343e-06	0.000931609	-0.00025201	-0.00122957	0.000750681	-0.000364581	-0.000855352	0.00123464	0.00345921	0.00263896	0.0023761	0.00574771	0.0136432	0.0245291	0.0431382
-0.000168841	-0.000716609	0.000860542	-0.00332065	-0.00188563	-0.00168317	-0.00157488	-0.00141167	-0.00167925	0.00178661	0.00204454	0.00342336	0.00539464	0.0100071	0.0188005	0.0326255	0.0578442
3.76339e-05	-0.000140067	0.00174963	-0.0046799	-0.00246529	-0.00363251	-0.00354415	-0.00232959	-0.00179182	0.00225911	0.00200979	0.00627557	0.00425052	0.00816207	0.0166666	0.032272	0.0611702	0.10947
0.00505021	0.00324914	0.00297056	-0.0108556	-0.0037845	-0.00376428	-0.00367937	-0.00412062	-0.00548425	0.00209828	0.00270263	0.00985244	0.00518685	0.0125081	0.0234621	0.0432082	0.0800892	0.154472	0.300073
0.0137106	0.0108754	0.00940107	-0.0197214	-0.00282234	-0.00233128	-0.00409575	-0.00548141	-0.00992548	0.00596462	0.00671792	0.017999	0.00856982	0.0184744	0.0337532	0.0739313	0.130105	0.25807	0.524125	1.03109
0.0252102	0.0213961	0.0195696	-0.0351162	-0.00166606	-0.00202686	-0.00778963	-0.0124337	-0.01906	0.0140638	0.0145553	0.0326728	0.0141565	0.0326346	0.0657566	0.140939	0.247117	0.4867	0.995618	1.98677	3.9897
0.0506194	0.0454656	0.0418498	-0.0680228	-0.00538706	-0.00401456	-0.0152752	-0.0237588	-0.0381606	0.0278805	0.0295079	0.065583	0.0199889	0.0573556	0.123149	0.27528	0.472713	0.937697	1.91496	3.84202	7.75743	15.2918


# resume 22
xmean
1	1	1	1	1	1	1	1	1	1	1	1	1	1	1	1	1	1	1	1	1	1
path for sigma
0.977285	0.964475	-0.806628	0.069513	-0.28741	0.199896	0.0490785	-1.22776	-1.24714	-0.0920294	0.427159	1.83576	-0.591142	-0.291382	0.651755	0.677251	0.486131	-0.118498	-0.955122	-0.187275	-0.574526	0.018725
path for C
0.104047	0.0951673	-0.0471777	-0.0409136	-0.0219756	-0.00437356	-0.0356103	-0.189073	-0.202878	-0.0475347	0.0732764	0.202469	0.0100546	0.0201541	0.140778	0.0943518	0.0282344	-0.161059	-0.386182	-0.537013	-0.956086	-1.63968
sigma 4.2714e-09
covariance matrix
0.0206031
0.00857622	0.0200515
0.00514519	0.00987008	0.0216737
-1.13331e-05	0.00327556	0.00974455	0.022405
0.00137083	0.0015953	0.00591366	0.012507	0.0229726
0.000980287	-2.10572e-06	0.00241582	0.00637223	0.0111257	0.0209605
1.07696e-05	-0.000243042	-0.00142124	0.0025695	0.00514948	0.0107011	0.022025
-0.00065376	0.00029574	-0.00336803	0.000653959	0.00117419	0.0046076	0.0119575	0.0242812
0.00157539	0.000541314	-0.00101525	0.000445205	-0.00329001	8.6222e-05	0.00391579	0.0144518	0.0278896
-0.00022273	-0.00132042	-0.00176691	-0.00118716	-0.000840915	0.000815759	0.00117456	0.00744743	0.0166208	0.0259621
0.000486086	-0.000304988	-0.000322748	0.000291732	0.000423896	0.00219262	0.000780808	0.00387069	0.00877832	0.0154952	0.0272049
0.000174492	0.000946776	-0.000254956	-0.000138823	0.000840053	0.00246701	0.00148092	0.00158813	0.00430071	0.00904065	0.0154667	0.0262536
0.00163758	0.00183706	0.000671858	0.00259912	0.00202012	0.00188709	0.000227856	0.000158089	3.62818e-05	0.00319095	0.00888415	0.0180136	0.0329239
0.00266692	0.00229487	0.00174179	0.000900801	0.000497604	0.00362572	0.00106425	0.00181735	-0.00181695	0.000666562	0.00658449	0.0122166	0.0209052	0.0344217
0.00123757	-0.000316018	-9.20621e-05	3.51153e-05	0.00104815	0.00328983	0.00175264	0.000630289	-0.00191114	-0.00153794	0.00481102	0.00646117	0.0118179	0.0208331	0.0351013
-0.000772735	-0.0011058	0.00157707	0.000116489	-0.00032035	0.000299423	0.0010236	0.00189748	0.00189805	0.00148645	0.00319846	0.0021807	0.00674936	0.014097	0.024611	0.043429
-0.00286657	-2.61831e-05	0.00203717	-0.000996647	-0.00247248	0.00115545	0.00177635	-0.000458472	0.000607918	0.00138052	0.00548668	0.00221411	0.00520199	0.0103465	0.0182342	0.0367239	0.0582705
-0.00479734	-0.00127559	-0.00144285	-0.00221773	-0.00620896	-0.000484979	0.00288618	0.00208666	0.00105635	0.00077553	0.00939521	0.00240741	0.00471845	0.00831877	0.0164777	0.0356787	0.0626765	0.117332
-0.00591695	-0.00305133	-0.00308357	-0.00196884	-0.00894527	0.00120971	0.0093168	0.00679337	0.00442325	0.00223794	0.0129172	0.00345423	0.00900383	0.0112925	0.0175175	0.0478469	0.0833844	0.163253	0.298224
-0.0110035	-0.00597409	-0.00888178	-0.00463394	-0.0164064	0.00184863	0.0135913	0.0160382	0.0110935	0.00561133	0.0257448	0.0100347	0.0188575	0.0197508	0.0269413	0.0806976	0.137803	0.282531	0.528273	1.02678
-0.0181051	-0.00867807	-0.0172213	-0.00701537	-0.0248077	0.00748867	0.0297263	0.0334345	0.0197188	0.0083973	0.0462558	0.0182833	0.039197	0.0389082	0.0535435	0.155324	0.263341	0.538328	1.00902	1.98025	3.94496
-0.0363315	-0.0206796	-0.0368236	-0.00863053	-0.0508634	0.0174054	0.0613085	0.0672891	0.0395165	0.0137418	0.0941539	0.0381673	0.0791737	0.0760188	0.109374	0.305451	0.515559	1.04924	1.95831	3.85025	7.70539	15.2482


# resume 22
xmean
1	1	1	1	1	1	1	1	1	1	1	1	1	1	1	1	1	1	1	1	1	1
path for sigma
-0.906779	1.9098	-0.333254	0.0560762	1.25763	0.797628	-0.278523	0.800564	-1.1174	0.0825234	-0.287977	0.680396	0.209787	-0.453925	1.35346	-0.470931	-0.696809	0.182359	-0.0977936	0.302642	0.322728	1.05133
path for C
-0.0180101	0.172984	0.0345802	0.0762543	0.177395	0.120972	0.0422641	0.0716184	-0.0974611	-0.033078	-0.0108781	0.0981299	0.0720491	-0.00374549	0.179634	0.0113504	0.00597295	0.182838	0.383947	0.809943	1.64021	3.29308
sigma 4.87377e-09
covariance matrix
0.0120197
0.00855986	0.0163278
0.00446671	0.00874914	0.0146404
0.00307335	0.00619453	0.00827754	0.0154088
0.00276931	0.00374207	0.0049766	0.0104239	0.0186392
0.00125661	0.00240957	0.00225455	0.00500456	0.0104862	0.0190079
0.00075286	0.00211097	0.00128775	0.00274847	0.00479679	0.00929564	0.0144634
-0.000643882	0.000208739	0.000707012	0.00288307	0.00290109	0.00353456	0.00772234	0.0165633
-0.00114719	0.000130009	0.000388543	0.00123574	0.00189951	0.00232041	0.0032104	0.00907692	0.0193423
-0.00102539	-0.000170416	-0.000381795	0.000140446	5.22041e-05	0.000530872	0.00265756	0.00610051	0.0115126	0.0193427
-0.000371133	0.000159749	-0.000525384	0.00014557	0.000368289	0.00106325	0.000838618	0.00227992	0.0058466	0.00986693	0.0200864
-0.000284326	0.00181355	-0.000615753	0.000823325	0.00127427	0.00120717	0.000673502	0.000176318	0.00311142	0.00537331	0.0106551	0.0223394
0.0011143	0.00181596	0.000494417	0.000341991	0.00314275	0.0026082	0.000573467	-0.000780929	0.00224626	0.00405796	0.00609534	0.0136265	0.0244326
0.000129477	9.82912e-05	-0.00132618	-0.00117039	-0.000652135	-0.000584904	-0.000786305	-0.00114776	0.000931788	0.00196615	0.00392748	0.00951441	0.0146301	0.0252576
5.15587e-05	0.000235209	-0.00122314	-0.000706273	-0.000926565	-0.00183865	-0.00134257	0.000150636	-0.00105796	-0.000954421	0.000658278	0.00568713	0.00819969	0.0149948	0.0259306
-0.000938123	-0.00173784	-0.00223213	-0.00151263	-0.001316	-9.72216e-05	0.000377068	0.000174874	-0.00119527	-0.00168305	-0.000468111	0.00186491	0.00310751	0.00936517	0.0181725	0.0350699
-0.0020782	-0.00241212	-0.000391817	-0.0022371	-0.000941056	0.00132963	0.00204514	-0.00202241	-0.00311446	-0.00107039	-0.00297551	0.00113851	0.0033269	0.00657776	0.0121639	0.0272708	0.0455509
-0.000523627	-0.00210168	-0.000127613	-0.00229338	-9.77647e-05	-0.000270571	0.00109574	-0.00327896	-0.0053382	-0.00350455	-0.00383067	-0.00304092	0.000978454	0.00238741	0.0110111	0.0269672	0.046204	0.0850877
-0.000693376	-0.00314972	0.00146474	-0.004966	-0.000736067	-8.38263e-05	0.00328707	-0.00271192	-0.00750606	-0.00469638	-0.00470849	-0.0033796	0.00289131	0.00360352	0.0150755	0.0353656	0.0614577	0.12016	0.229486
-0.00437767	-0.00815462	0.00132346	-0.0132824	-0.0022956	0.00234021	0.00684695	-0.00402876	-0.0131459	-0.0113651	-0.0083507	-0.00783211	0.00133253	0.000790339	0.022307	0.053165	0.0962807	0.20097	0.399129	0.779012
-0.00735386	-0.0145765	0.00167633	-0.0278705	-0.00236384	0.00577011	0.0133383	-0.00781201	-0.0254769	-0.0227256	-0.0146536	-0.0119572	0.00413076	-0.000733285	0.0411682	0.0997345	0.179199	0.375858	0.753759	1.49073	2.95094
-0.015224	-0.0300233	0.00464035	-0.0559254	-0.0080638	0.00676506	0.0237059	-0.0174838	-0.0559431	-0.0491213	-0.0301984	-0.0257846	0.00223498	-0.0034462	0.0819119	0.198373	0.347133	0.726739	1.46564	2.90583	5.78083	11.465


# resume 22
xmean
1	1	1	1	1	1	1	1	1	1	1	1	1	1	1	1	1	1	1	1	1	1
path for sigma
-0.0509499	0.376049	0.633381	-0.265826	0.251315	-0.622339	1.35467	-0.540023	-0.719529	1.76396	0.0403277	-0.23718	0.408949	-1.02292	-0.741921	-0.563901	1.67009	-0.862591	0.123284	-1.08947	0.224295	-0.553856
path for C
0.0130838	0.0100272	0.0868261	-0.019229	0.0498669	0.00424807	0.155191	-0.0114758	-0.00103873	0.209334	0.0657844	-0.027327	0.00751944	-0.188172	-0.1749	-0.109322	0.139457	-0.172129	-0.239243	-0.577561	-0.835124	-1.73553
sigma 5.65898e-09
covariance matrix
0.0196488
0.00717707	0.0185967
0.00512914	0.00896696	0.0241721
0.00146878	0.00666693	0.010939	0.0232534
0.000285332	0.00550964	0.00744562	0.0123175	0.0250239
-0.00234152	0.00161089	0.00336397	0.00670451	0.0162386	0.0294179
-0.00213962	2.40562e-05	0.000792673	0.0051432	0.0108609	0.0187263	0.0310649
-0.000512927	0.00260987	-0.00218388	0.00402376	0.00919669	0.0118522	0.0209386	0.0369758
0.00143954	0.00233989	0.00133004	0.00471082	0.00396826	0.00756971	0.010266	0.019059	0.0352455
-0.000462775	-0.000360543	-0.0010318	-0.00165124	0.00158784	0.00253731	0.00725741	0.0119135	0.0228329	0.037061
0.00257934	0.00153848	-0.0014833	0.000215803	0.00116738	0.000163261	-4.66319e-05	0.00459095	0.0140354	0.0230699	0.0371799
6.23224e-05	0.000950816	-0.00161108	0.00222293	-3.13248e-05	0.000528489	-0.00130875	0.00213523	0.00859739	0.012009	0.0207165	0.0329044
0.00219917	-5.57942e-05	0.000594854	0.000721908	-9.64808e-05	0.000184572	0.000195589	0.00286747	0.00588217	0.00464066	0.0107806	0.0177169	0.0354372
0.00101315	0.00179496	0.000375155	0.00166123	-0.000437933	-0.000860272	-0.00172573	-0.00216424	0.00243388	0.00282783	0.00474972	0.0110118	0.0208573	0.0404265
0.00049615	0.00264896	0.000841863	0.00158711	0.000133677	-0.00215908	-0.000668359	0.000823126	0.00371465	0.00432598	0.00548548	0.00666746	0.0110009	0.0280493	0.0507892
0.000756324	-0.000315954	0.000222849	-0.00134782	-0.00227894	-0.0040773	-0.00200013	0.000231089	0.000811065	0.00210551	0.00162558	0.00492141	0.00644487	0.0157309	0.0323658	0.0555383
0.000139243	0.000763541	0.00114513	-4.62039e-05	-0.00144142	-0.000885825	-0.000769283	-0.00061311	0.000956884	0.00130942	0.00101463	0.00228457	0.00674201	0.013233	0.0231357	0.0426533	0.076227
-0.00148912	0.00297043	0.00374182	0.000995564	-0.00323498	-0.00707488	-0.00310684	-0.00527474	-0.00547038	-0.000980993	-0.000769444	0.00122729	0.00427884	0.0131295	0.0248832	0.0430789	0.0778794	0.141794
-0.00215219	0.00556003	0.00789454	-0.000576915	-0.00882081	-0.00661497	-0.0102399	-0.00849037	-0.00485969	-0.000984879	0.00610151	0.0111692	0.0114134	0.0224485	0.0379696	0.0565414	0.100195	0.201263	0.396611
-0.00459705	0.00991905	0.0176504	-0.00492415	-0.018605	-0.0158403	-0.022084	-0.0138888	-0.010823	0.000362729	0.0105727	0.0150553	0.0239898	0.0434078	0.076813	0.097372	0.167668	0.350783	0.711015	1.41868
-0.00659035	0.0211852	0.0350528	-0.0051936	-0.0322879	-0.0290021	-0.0430197	-0.027083	-0.0215968	-0.00232814	0.0181542	0.0299283	0.0527207	0.0918065	0.155511	0.183846	0.315242	0.658384	1.34729	2.71604	5.37159
-0.0160511	0.0406726	0.0684663	-0.0138595	-0.0687764	-0.0612308	-0.0888445	-0.0577649	-0.0490524	-0.0105117	0.0303328	0.0556443	0.103088	0.181733	0.30371	0.352992	0.604642	1.26828	2.60484	5.27918	10.5015	20.7855


# resume 22
xmean
1	1	1	1	1	1	1	1	1	1	1	1	1	1	1	1	1	1	1	1	1	1
path for sigma
0.46093	0.653001	0.910424	0.136984	-0.00393691	1.25658	0.0417319	0.741092	0.0553664	-1.01947	0.152356	1.04991	0.468655	0.170515	-0.981863	-0.334565	-1.04908	0.348924	0.858551	-0.139886	-1.12713	-0.0952004
path for C
0.10706	0.163792	0.13093	0.0463825	0.057805	0.148444	0.0513132	0.102899	0.0364549	-0.0843749	0.0419597	0.143345	0.0784029	-0.000253524	-0.158066	-0.138754	-0.191074	-0.0594026	-0.0487459	-0.306748	-0.77479	-1.24102
sigma 7.0316e-09
covariance matrix
0.0181591
0.0127767	0.0232374
0.00510454	0.0125255	0.0196554
0.00275725	0.00616165	0.00838149	0.0143679
0.000396465	0.00266184	0.00534333	0.00805455	0.0159686
0.00043151	0.000446629	0.000639785	0.00353806	0.0100179	0.0172278
-0.000846694	-0.00106047	0.00190207	0.00338351	0.00564211	0.00963958	0.0210476
-0.000291764	-9.79697e-05	-7.69815e-05	0.00286647	0.00441837	0.00665875	0.0131015	0.0244882
0.0013068	0.00158186	0.00239841	0.00310347	0.00257997	0.00448253	0.00819742	0.0126903	0.0208449
0.0019969	0.000858876	0.00132223	0.0021606	0.00193452	0.00313755	0.00418159	0.00781626	0.0127215	0.0234465
0.00193642	0.00221589	0.000381316	0.00137785	0.00135338	0.0021154	0.00120048	0.00291258	0.00822914	0.0130672	0.0228202
0.00233414	0.00182788	0.000808274	5.56906e-05	-0.0015611	0.000146886	0.000262512	0.00212185	0.003925	0.0066241	0.0127751	0.0225446
0.00012175	-0.000177795	-0.000325085	0.000559021	-0.000435654	0.000104184	-0.000664038	0.00315519	0.00242051	0.00317017	0.00589485	0.0124766	0.0227914
-0.00209923	-0.00150857	0.00137385	0.00199833	0.00103104	0.00165498	0.00152909	0.00238922	0.0017938	0.00208428	0.00456111	0.00874698	0.0147322	0.0271095
-0.000812775	-0.00042393	0.00256759	0.000150505	0.000392517	0.0002037	0.000828144	0.00202483	0.00139408	0.00314471	0.00178381	0.00557267	0.00971806	0.0172016	0.0304772
-0.00203666	-0.00111176	0.00106162	0.00140616	0.000563953	0.000368437	0.00304445	0.00210956	0.0015966	0.00313235	0.00236904	0.00321022	0.00485858	0.0116763	0.0215517	0.0375092
-0.000160171	-0.00156676	-0.00012828	0.000935487	-0.000316725	-0.000680745	0.000290666	7.21373e-05	0.00250801	0.00353382	0.00102606	0.00395607	0.00371738	0.00759594	0.0162079	0.0288982	0.0489764
0.00255617	-2.80586e-05	-0.000279387	0.00141822	-0.000773456	0.000314329	0.000888718	-0.000238857	0.00356773	0.00663286	0.00107201	0.00286931	0.00100497	0.00727574	0.0142147	0.0312929	0.0532788	0.093724
0.0100236	0.00478123	0.00105172	0.00586776	-0.000236957	0.00164604	0.0037325	-0.00092895	0.00645113	0.0102191	8.60199e-05	0.00290754	0.0023622	0.00801377	0.0182766	0.0423383	0.0733164	0.13147	0.255318
0.0213167	0.00817337	0.00750651	0.0123708	0.00185559	0.000618565	0.00480054	-0.00320529	0.00879505	0.0198515	0.000497006	0.00272325	0.00155346	0.0146423	0.028389	0.0695193	0.120165	0.221319	0.441702	0.862772
0.0401315	0.0151904	0.0115557	0.0276521	0.00463574	0.000961585	0.00991792	-0.00494929	0.0155704	0.036167	-0.0013855	0.00252687	0.000765103	0.026314	0.0532161	0.131177	0.22723	0.417712	0.849716	1.68098	3.39848
0.0846479	0.0302854	0.0232045	0.0540319	0.00858342	0.000239037	0.0172458	-0.00891642	0.0301547	0.0758739	0.000269652	0.00889109	0.00431175	0.0552688	0.105765	0.257943	0.441457	0.811029	1.64169	3.25442	6.607	13.0214


# resume 22
xmean
1	1	1	1	1	1	1	1	1	1	1	1	1	1	1	1	1	1	1	1	1	1
path for sigma
-0.435494	-1.65247	-1.18372	-1.22584	0.976707	0.490256	-1.12607	0.437669	-0.229263	0.962393	-0.274979	-1.08588	0.0245912	0.861285	0.0590193	0.379201	-0.657784	-0.273101	0.00667921	1.2874	-0.809367	-0.0352605
path for C
-0.238508	-0.430945	-0.434631	-0.321805	0.0898469	0.0774817	-0.191965	0.0937871	0.00293711	0.139775	-0.10136	-0.184176	0.0141968	0.147313	-0.0248964	-0.0147101	-0.173337	-0.0728986	-0.0119812	0.0834901	-0.315197	-0.519327
sigma 2.78062e-09
covariance matrix
0.0587441
0.0357545	0.065379
0.0210841	0.0405384	0.0751998
0.0103891	0.019924	0.0409246	0.0722229
0.00671884	0.0100596	0.0251778	0.0422051	0.0836133
0.00408312	0.00358787	0.0126695	0.0231015	0.0446404	0.0817434
-0.000753248	-0.00333251	0.00940387	0.0107403	0.024619	0.0486705	0.0831087
-0.000529806	-0.00556215	0.00106688	0.00542499	0.0111375	0.0250353	0.0436971	0.0811261
-0.00273946	-0.00302265	-0.00338542	-0.00237505	0.00283896	0.0110495	0.0231621	0.0390071	0.0717814
0.00270663	0.00812632	0.00271041	0.00417278	0.0103745	0.01747	0.0177716	0.0208141	0.0364038	0.0730316
0.0079464	0.00815286	0.00933806	0.00733517	0.00430942	0.00793352	0.0130575	0.0156532	0.0198912	0.0329073	0.0659596
0.00121592	-0.000282762	0.00622019	0.00447044	0.00398126	0.00509586	0.00518374	0.00226446	0.00873079	0.00955742	0.0266744	0.0536553
0.00253781	0.00277412	0.00212205	0.00508189	0.00580736	0.00358429	0.00325579	0.00264657	0.00576728	0.00527921	0.0170499	0.0263662	0.0519282
-0.00187246	0.00353204	0.00103005	-0.00141711	-0.00137122	0.000953414	-0.00310413	6.96305e-05	0.00442352	0.00123451	0.00606395	0.00976869	0.0194204	0.0402746
-0.0015571	0.00314072	-0.000889248	-7.69184e-05	-0.00258473	-0.00235671	-0.0015091	-0.0074654	0.00298962	0.00326546	0.00573413	0.00681594	0.0123153	0.0118034	0.0433147
0.0011249	0.00297685	-0.00174508	0.000186604	-0.00882787	-0.00420905	-0.00283506	-0.00323412	-0.00262977	0.0036581	0.00772567	0.0113846	0.0100727	0.00718667	0.0282353	0.0589837
0.00127801	0.00491868	0.00105352	-0.0028043	-0.0127287	-0.00311527	-0.000251077	-0.00121452	-0.000937577	0.00184067	0.00395503	0.0127317	0.0108275	0.00650491	0.0253205	0.0483144	0.0885854
-0.00358452	0.000810432	0.00287024	-0.00716365	-0.0159125	-0.0120218	-0.00136896	0.000659461	-0.00288231	0.00511683	0.00652782	0.0167295	0.01604	0.0175227	0.0272954	0.0559036	0.0981418	0.191844
-0.00599818	0.00545733	0.00543462	-0.0170765	-0.0221304	-0.0227743	-0.00490579	-0.00441075	0.00220141	0.0104719	0.00962486	0.0230898	0.0189834	0.0225039	0.0422201	0.0898709	0.15515	0.294832	0.567208
-0.00561829	0.0117495	-0.000283822	-0.0461717	-0.0476871	-0.0492622	-0.0220743	-0.0172109	0.00280678	0.0175758	0.0178753	0.0409447	0.0292024	0.0456114	0.0752468	0.172996	0.280505	0.542232	1.05557	2.1054
-0.0215941	0.00539935	-0.0153524	-0.0945406	-0.0863934	-0.105581	-0.0475542	-0.0443842	0.0056173	0.0347061	0.0244584	0.0787459	0.0491724	0.0830495	0.143027	0.333654	0.524985	1.03277	2.01143	4.06937	8.08957
-0.0454509	0.0109984	-0.027018	-0.181823	-0.167265	-0.212139	-0.104257	-0.094358	0.00286571	0.0687932	0.0390018	0.157404	0.0910246	0.165346	0.272159	0.641143	1.00796	1.98651	3.8536	7.8476	15.7153	30.9393


# resume 22
xmean
1	1	1	1	1	1	1	1	1	1	1	1	1	1	1	1	1	1	1	1	1	1
path for sigma
-0.236981	-1.35128	-0.889652	1.73232	-0.64412	0.539061	-0.989981	-0.381501	0.115016	-0.700349	0.51559	-0.643748	0.24999	-0.672378	1.17681	-0.307156	-0.0695211	0.234256	0.571523	0.0283278	0.0578263	-0.234426
path for C
-0.0517415	-0.156626	-0.0762567	0.140003	-0.0614205	0.0320741	-0.105563	-0.0865431	-0.0132141	-0.0523727	0.021656	-0.0658655	-0.0036268	-0.0543357	0.122021	-0.0166383	-0.0516294	-0.027242	-0.0423494	-0.309066	-0.723751	-1.50086
sigma 4.97582e-09
covariance matrix
0.0182739
0.00963283	0.0202349
0.00582987	0.0101341	0.020039
0.00557817	0.00843288	0.0117188	0.0240512
0.00370199	0.0056782	0.00656164	0.0142636	0.0256131
0.00353611	0.0042525	0.00688151	0.0102425	0.0155383	0.0277884
0.00105762	0.00287903	0.00502828	0.00437161	0.00727044	0.0130957	0.0264344
-7.40023e-05	-0.000389175	0.0040786	0.00112573	0.00162032	0.00495758	0.0183482	0.0295774
-0.00112717	0.00162679	0.00252581	0.00158794	0.00138755	0.00341435	0.01239	0.0190238	0.0311989
0.00060734	0.000363038	0.00133253	0.00504374	0.00559872	0.00494746	0.00570746	0.00947965	0.0147359	0.0279581
-0.000459835	-0.00269902	-0.00206061	-0.00112886	-6.20604e-05	0.00252527	0.00216515	0.00290963	0.0045938	0.0144649	0.0313593
-0.000775131	-0.000269289	-0.00118499	0.00198779	0.00136822	0.00170095	0.000503437	0.000899819	0.00349617	0.0108363	0.0206652	0.0363733
-0.00142638	-0.00183953	-0.00283398	-0.000836538	-0.000932025	-0.000607542	-0.000241136	-0.000428738	0.00227815	0.00461645	0.011543	0.0221871	0.0386393
-0.00141522	-0.00148251	-0.000856922	0.000401149	0.000945861	0.00240933	-0.000298297	-0.000834364	0.00227056	0.00205894	0.00557957	0.0138362	0.0282254	0.0444153
-0.00110845	-6.74189e-05	0.000485397	-0.000284669	-0.00199322	0.00330321	0.00421928	0.00243156	0.00337185	0.000560845	0.00195494	0.00737233	0.0155611	0.0264189	0.0418055
-0.00343596	-0.00186896	-0.00105675	-0.00133493	-0.00121422	0.00244481	0.000884024	0.00270582	0.00142911	-0.00116891	-0.0011901	0.00200344	0.00486584	0.0170563	0.0299999	0.0505578
-0.00119272	0.000322956	-0.000607685	8.99029e-05	0.000853924	0.00270193	-0.00191952	0.000482927	0.000634605	-0.0010931	-0.00133828	0.00218692	0.00292267	0.0125635	0.0198318	0.0361141	0.0585239
-0.00194156	-0.000937692	0.000688576	0.00241969	0.00164377	0.00278734	-0.00408947	0.00362387	0.00351805	-0.00187802	-0.00423084	0.00137958	0.00276456	0.0108581	0.0191766	0.0351304	0.0592562	0.116119
-0.00570248	-0.00381238	-0.00161117	0.00206003	0.002641	0.00680869	-0.00438162	0.00817745	0.00366444	-0.00384321	-0.00471032	0.00329181	-0.000182015	0.0080244	0.0274005	0.0509045	0.0801083	0.167029	0.334607
-0.00839951	-0.00766922	-0.00350665	0.00909965	0.00578656	0.0099052	-0.0115254	0.0161045	0.0024348	-0.00842125	-0.0167734	0.00256351	-0.000314642	0.0115293	0.0432689	0.0863723	0.135636	0.294656	0.610726	1.25589
-0.015173	-0.0159222	-0.00794588	0.0167748	0.00932524	0.0137238	-0.0286677	0.030853	0.00338303	-0.0188746	-0.0376808	-0.00162627	-0.0041059	0.0189127	0.0763089	0.164196	0.254958	0.559557	1.16486	2.42999	4.85863
-0.0321984	-0.0319246	-0.0140027	0.0339569	0.0180965	0.0240607	-0.0521804	0.0670181	0.00526022	-0.0390864	-0.0712013	-0.00401508	-0.0130923	0.0291903	0.146585	0.316179	0.487387	1.07108	2.24087	4.69195	9.43788	18.5578


# resume 22
xmean
1	1	1	1	1	1	1	1	1	1	1	1	1	1	1	1	1	1	1	1	1	1
path for sigma
-1.08226	-1.01839	0.0750899	1.12782	-0.278556	0.0259151	-0.166943	-0.426082	0.416936	-1.28082	-0.877442	-0.606939	0.271436	0.832793	0.0317337	1.58917	0.0392175	0.057843	0.429615	0.415256	-0.135568	-0.375421
path for C
-0.149596	-0.184366	-0.00681295	0.0687059	-0.0378879	-0.0281135	-0.0695068	-0.11418	-0.0469928	-0.193643	-0.180534	-0.098711	0.0278172	0.155908	0.097867	0.247154	0.0961309	0.0522285	0.0512946	-0.0466455	-0.259968	-0.704336
sigma 5.35909e-09
covariance matrix
0.0228633
0.0120911	0.0207489
0.00820365	0.011325	0.0225375
0.00673189	0.00599647	0.0120491	0.0219032
0.00291412	0.00435291	0.00723017	0.0141527	0.0268257
0.00399998	0.00573698	0.00444864	0.00725727	0.0144451	0.0222597
0.000637755	0.00303018	0.00156845	0.00124837	0.00694129	0.012525	0.0261242
-0.00106907	0.00176172	0.00082928	0.000760605	0.00433408	0.008775	0.0151118	0.0259955
0.000234453	0.00250372	0.00248825	0.00224799	0.00522512	0.00604345	0.010064	0.0146909	0.0262299
-0.0019247	0.00104217	-0.000133281	0.000997972	0.00257867	0.00014925	0.00304494	0.00945736	0.0157068	0.0300753
0.000677548	0.000960951	-0.000234518	0.00182376	0.000555675	-0.000517426	0.0019135	0.00614994	0.00801757	0.0143286	0.0266396
0.00219451	0.00223244	0.00134413	0.00226051	0.000625559	0.00230337	0.00301708	0.00524868	0.00428292	0.00667926	0.0154261	0.029203
0.00111596	0.00167716	0.000409079	0.00218245	0.00086923	0.000768453	0.00111271	0.00357795	0.00300137	0.00559842	0.0094751	0.0188356	0.0324988
0.00168327	-0.000480508	-7.18993e-05	0.0034705	0.000289093	0.00186665	0.000736219	0.00276355	0.00108732	0.00222019	0.00537569	0.0127797	0.0193677	0.0343206
0.00118732	9.26128e-05	0.000891723	0.00296293	0.00084045	0.0018331	0.00226747	0.00287954	0.00122839	0.00320084	0.004595	0.00956034	0.0141079	0.0228741	0.0374694
0.000536903	0.000140709	0.000890683	0.00169678	0.00183217	0.00335525	0.000647317	0.00163084	0.000391728	0.000764198	-0.00130724	0.00426618	0.00789611	0.0144104	0.0235002	0.0445722
0.00142179	0.000303432	0.00173061	0.00276508	-0.000402653	0.00131486	1.75049e-05	0.00368832	0.00157435	0.00080693	-0.000687801	0.00468272	0.00656125	0.0110807	0.0201464	0.0380114	0.0630073
0.00102649	-0.000814536	-0.000602616	0.00372368	-0.000158892	0.00264051	-0.000548133	0.00388851	0.00173729	0.000727644	-0.00124811	0.00336562	-0.000799837	0.00668807	0.0188805	0.0385582	0.0686643	0.135477
0.00213443	0.000296495	0.000252736	0.00691976	0.00324768	0.00628508	0.000995003	0.00398627	0.00131302	0.00181232	-0.0040094	0.00263729	-0.0013441	0.0108347	0.0276147	0.0549745	0.0934292	0.19288	0.355208
0.00322528	0.000727296	-0.00311656	0.0115087	0.00533959	0.0109654	0.00093724	0.00490491	0.000459224	0.00090047	-0.0110487	0.00058445	-0.00840898	0.012936	0.0443972	0.0976072	0.169814	0.342127	0.639177	1.27423
0.00432542	0.00137691	-0.00773614	0.0201909	0.0076739	0.0228535	0.00432279	0.0126273	0.00326714	-0.000401377	-0.023461	0.000895495	-0.0153303	0.0288173	0.0862147	0.188061	0.320579	0.643862	1.20845	2.44013	4.79972
0.0132109	0.0079639	-0.014267	0.0400093	0.0202611	0.0486044	0.0111569	0.0312866	0.0105078	0.00350035	-0.0402812	0.00695331	-0.0266074	0.0538483	0.168172	0.360492	0.611839	1.23124	2.30796	4.68168	9.26117	18.0888


# resume 22
xmean
1	1	1	1	1	1	1	1	1	1	1	1	1	1	1	1	1	1	1	1	1	1
path for sigma
0.396602	2.16334	0.420286	-0.0790347	0.122532	1.00929	-0.156565	-0.469217	-0.0169458	1.48362	0.724091	0.448418	-0.565303	0.274475	-0.553778	0.228619	-0.650355	-0.194123	-0.2362	0.284975	-0.213887	1.41422
path for C
0.121492	0.289615	0.139835	0.0825074	0.0351631	0.104865	0.00884184	-0.0277438	0.0564959	0.221606	0.15283	0.0894811	-0.0168121	0.0366037	-0.0650797	0.0298993	0.00303444	0.155697	0.387183	0.970107	2.02571	4.35689
sigma 3.71377e-09
covariance matrix
0.0177206
0.0106687	0.0184412
0.00800065	0.0104449	0.0173101
0.00519413	0.00543128	0.00987229	0.0175668
0.00191656	-0.00039985	0.00446086	0.00820317	0.0184852
0.00110843	-0.000774707	0.00138639	0.00469159	0.0108964	0.0186236
-0.000792156	-0.000938174	0.00181833	0.00175241	0.0066182	0.0100447	0.0183197
0.00228246	0.000335199	0.00186316	0.0026924	0.00464863	0.00626049	0.0113862	0.0207226
0.00238929	0.00145859	0.000806674	0.00141827	0.00290824	0.00230806	0.00546559	0.0129831	0.0212518
-0.00102575	0.000812353	-0.0008128	0.0015031	-0.00135091	-0.000604965	0.00180786	0.00576096	0.0126132	0.024375
0.000113675	0.000310023	-0.00151898	3.96421e-05	0.00115593	3.52162e-05	0.00213172	0.00377631	0.006357	0.0129505	0.0223721
0.00200668	0.00180255	0.00102188	0.00115361	0.000138317	-0.000786719	-0.000921515	0.00238613	0.00298994	0.00636889	0.0115912	0.0221928
0.00115492	0.00129471	0.000793042	0.000299532	-0.000212425	-0.000431318	-0.000130984	0.00187001	0.00176458	0.00344095	0.00650992	0.013924	0.0255345
0.000549444	0.000624372	0.00059344	-0.000350973	0.00069421	0.000534807	-3.6251e-05	9.26242e-05	0.000404952	0.00198438	0.00392036	0.00742521	0.0159284	0.0314043
0.00193744	0.000731847	0.00192245	0.000537822	0.00138453	0.00118048	0.000758694	0.00162724	0.00199024	0.00140949	0.00266524	0.00353598	0.00886357	0.0183351	0.0298146
0.0024931	0.0014856	0.00222974	0.00059025	0.00301503	0.00167335	0.00160129	-9.90618e-05	0.000461037	-0.000456505	0.00148121	0.00293185	0.00456888	0.0108312	0.0194506	0.0362403
0.00154804	0.00254289	0.00304216	0.00124328	0.00345628	0.00175302	0.000135469	2.92618e-05	0.000503905	0.00156816	0.00362616	0.00379366	0.00397721	0.00847342	0.0138702	0.0286599	0.0490566
0.00297114	0.0054294	0.00483127	0.0017279	-0.000129347	0.000511944	0.000858687	-0.000577447	7.00739e-05	0.00150147	0.0036513	0.00514137	0.00722693	0.00755283	0.00996097	0.0263707	0.0480701	0.092452
0.00276927	0.00960483	0.00623337	0.0023925	0.00256892	0.00216727	0.00195474	-0.000254253	0.00040657	0.00127961	0.00705645	0.00631142	0.00891171	0.0113689	0.0140254	0.0365751	0.0642906	0.129725	0.243696
0.00134536	0.0191578	0.0132415	0.00795189	0.00688576	0.00638527	0.00530086	-0.00090479	-0.00126332	0.00432262	0.0188963	0.014861	0.0200855	0.0227825	0.023759	0.062429	0.108591	0.221986	0.43477	0.870252
0.00284224	0.0366056	0.0271916	0.0175501	0.0163861	0.0153148	0.0151931	0.00110355	-0.000191308	0.00991786	0.0417434	0.0359016	0.0409557	0.0434825	0.0452007	0.119678	0.204758	0.420292	0.831278	1.68826	3.39556
0.00523507	0.0707179	0.0504842	0.0332977	0.029893	0.0328702	0.0297601	-0.00225104	0.000294901	0.019753	0.0860918	0.0718251	0.0831837	0.0869953	0.0859072	0.231436	0.393284	0.806656	1.5956	3.26035	6.60968	13.0401


# resume 22
xmean
1	1	1	1	1	1	1	1	1	1	1	1	1	1	1	1	1	1	1	1	1	1
path for sigma
-0.43612	0.0421478	0.34893	0.400385	0.475035	-0.427255	0.921908	0.00980692	0.0179417	-0.105575	-1.17536	-0.162621	0.0305808	-0.538119	0.299264	-0.394223	0.0632923	0.313342	0.608755	0.816974	0.371855	0.257027
path for C
-0.0416656	0.0308787	0.0899852	0.10219	0.0774897	0.0204816	0.110818	0.0254098	-0.0249897	-0.073609	-0.143007	-0.0767074	-0.0286385	-0.0646782	0.00424922	-0.0192699	0.0744221	0.185898	0.359859	0.612214	0.964777	1.68887
sigma 5.62186e-09
covariance matrix
0.0140015
0.00804735	0.0192491
0.00185388	0.010272	0.0187293
-0.000231558	0.00578104	0.0101404	0.0188039
0.000410268	0.0024684	0.00357143	0.00988356	0.016454
-0.000469897	0.00135748	-0.000336697	0.00518969	0.00922976	0.0181239
-0.00262588	0.00128879	9.16709e-05	0.00439231	0.00521743	0.0107033	0.0180698
-0.00159447	-0.000960309	-0.00146559	0.00249491	0.00189623	0.00744666	0.0118366	0.021057
-0.00126169	-0.00237409	-0.00234673	0.000597452	0.000582718	0.00375792	0.00464499	0.0105569	0.0199769
-0.00159229	-0.00398831	-0.00290015	-0.000559441	0.000210075	0.00258	0.00370333	0.0058642	0.0112222	0.019343
-0.00253055	-0.00289091	-0.00228522	-0.00173691	-0.00198338	-0.000424677	0.00228084	0.00349751	0.00568854	0.0124233	0.0216694
6.73672e-05	-0.00196707	-0.00224757	-0.00177676	-0.00161958	-0.0013546	-0.00111303	0.00181644	0.00290026	0.00628761	0.0121529	0.0221752
-0.00159464	-0.00166425	-0.000682082	-0.000592609	-0.0009887	-0.000902902	-0.00137661	0.00070761	0.00233698	0.00390622	0.00782656	0.0138973	0.0258909
0.000736238	-0.000737202	-0.000392544	-0.000662164	-0.000444858	-0.000983306	-0.00272553	-0.000160346	0.00248381	0.00329657	0.00370718	0.00881261	0.0168789	0.0275659
0.00142948	0.00166821	-0.000426415	-0.0019991	-0.000819238	-0.00183233	-0.00350247	-0.00234094	-0.000277473	3.58935e-05	0.00195768	0.00474585	0.0087836	0.0183326	0.0322933
0.00161362	0.0028119	0.00010536	-0.00268466	-0.00150212	-6.07647e-05	-0.0013318	-0.000404519	-1.77788e-05	0.000394665	0.000345094	0.0018605	0.00424794	0.0115617	0.0204218	0.0333975
0.00268298	0.00451249	0.00379933	0.0023102	0.00109688	0.00304089	-0.00203497	-0.00156467	-0.000558331	-0.000819625	0.000114637	0.000869491	0.00289904	0.00798614	0.015839	0.0251352	0.0455707
0.00150515	0.0038215	0.00559966	0.00394411	0.00309652	0.00271288	-0.00174905	-0.00359087	-0.00242868	-0.00232448	-0.000269841	-0.00213665	-0.000545304	0.00686399	0.013998	0.023957	0.0461641	0.0805957
0.00235124	0.00822661	0.0108387	0.00751421	0.00420464	0.00252912	-0.000992864	-0.0030288	-0.00303817	-0.0067949	-0.00443526	-0.0030299	-0.00392049	0.00643786	0.0195043	0.02878	0.0591001	0.110216	0.20814
0.00277951	0.0163674	0.0221813	0.0180469	0.0115972	0.0088903	0.00130843	-0.00357207	-0.00819625	-0.0125499	-0.00780417	-0.00904723	-0.00900112	0.00931964	0.0352158	0.048773	0.0966119	0.18698	0.362444	0.724231
0.00381054	0.0347321	0.042857	0.0379899	0.0259235	0.0209188	0.00762662	-0.00296405	-0.0137303	-0.0210781	-0.0107996	-0.0113274	-0.0158399	0.017712	0.0652338	0.0899014	0.182169	0.355308	0.69404	1.39795	2.82524
0.0120459	0.0721734	0.084036	0.0726801	0.0513293	0.0417256	0.0157505	-0.00707789	-0.0288035	-0.0436744	-0.0215459	-0.0204221	-0.030551	0.0364143	0.129262	0.176949	0.349306	0.680633	1.32759	2.68928	5.46905	10.7663


# resume 22
xmean
1	1	1	1	1	1	1	1	1	1	1	1	1	1	1	1	1	1	1	1	1	1
path for sigma
-1.08568	0.206953	0.704177	1.60979	-1.46497	0.513438	0.225346	1.18369	0.264408	0.945541	-1.10522	-0.0626256	-0.17311	-0.217671	-0.787483	-0.48043	-0.0553609	0.477097	-0.0472123	1.19054	-0.25521	-0.137408
path for C
-0.117825	0.0233706	0.129626	0.191272	-0.0586159	0.0682118	0.090393	0.211132	0.11377	0.104684	-0.0860769	-0.0215525	-0.0794333	-0.0790689	-0.131765	-0.0785599	0.00293629	0.130125	0.115937	0.291858	0.170937	0.181638
sigma 3.81284e-09
covariance matrix
0.0148001
0.00377883	0.0166015
0.00107888	0.00714207	0.0206994
-0.000446186	0.00444259	0.0133682	0.0247477
-0.000869413	0.00329764	0.00731812	0.0160258	0.0243164
-0.000150736	0.00150995	0.00355969	0.00828836	0.0120647	0.0228795
-0.000163038	0.000697144	0.000809974	0.00292574	0.00574188	0.011393	0.0276712
0.000505114	0.000553161	0.00341938	0.00472536	0.00446965	0.00591027	0.0173283	0.031154
-0.000453995	-0.00172576	0.00245709	0.0016222	0.00183762	0.0032907	0.00863626	0.0169807	0.0260546
-0.00215532	-0.00106173	-0.000118026	-0.00101464	0.000591943	0.00244909	0.00277079	0.0077024	0.0138098	0.0278356
-0.00063066	8.24705e-05	0.00113082	-0.000697052	0.00123502	0.00160083	0.00206801	0.0053787	0.00982491	0.0179488	0.0307749
-0.00166779	0.000103418	0.00127414	0.00111704	0.00215053	0.0022383	0.00015683	0.00269495	0.00483182	0.00970223	0.0191925	0.0325447
0.00119581	-0.000519616	0.00199261	-0.00174468	0.00213764	0.00100949	0.00113648	0.00233333	0.00325516	0.00433713	0.00973614	0.017776	0.0329634
-0.000767535	-0.00194333	0.00106679	-0.00182634	-0.000392823	0.00117277	-0.000294767	0.000376658	0.00323979	0.00168901	0.00548946	0.0116025	0.0223273	0.0383153
-0.000109479	0.000680379	-0.000467174	-0.00211538	-0.00385811	0.000477612	-0.00135467	-0.00126524	-0.000162196	-0.00124337	0.0024903	0.00379292	0.0106428	0.0223573	0.0425783
0.00061644	-0.00230891	-0.00337236	-0.00310747	-0.00236908	-0.000866057	-0.00109615	0.00225385	0.00184416	-0.000907066	0.000932994	0.00353678	0.00874922	0.0160528	0.0291734	0.0496786
0.00197445	-0.00259316	-0.00438489	-0.00271981	-0.00287286	-0.000494286	-0.00184697	-0.000105265	-0.000944361	-0.000809117	-0.000965021	0.00138643	0.00735725	0.0111924	0.0184797	0.0360358	0.0630379
0.00041304	-0.00449674	-0.00662856	5.86816e-05	0.00322723	-0.000490502	-0.00226114	-0.0024555	-0.00304174	-0.00277112	-0.00441902	0.00050321	0.00824861	0.0104007	0.0150156	0.0322146	0.0666249	0.132404
0.0016885	-0.00512657	-0.0136142	-0.00314357	0.00147048	-0.00127169	-0.0034456	-0.00744675	-0.010715	-0.00740094	-0.0104348	-0.00523375	0.0142197	0.0132291	0.0157953	0.0393278	0.0883442	0.191538	0.368812
-0.00230827	-0.0100457	-0.0219367	-0.00555135	0.00454392	-0.00221909	-0.00442374	-0.00961164	-0.0177523	-0.0128127	-0.0148575	-0.0102556	0.0228632	0.0218753	0.0295411	0.0675576	0.144447	0.331046	0.648732	1.26168
-0.00204814	-0.0139063	-0.0432465	-0.0136517	0.00813283	-0.00269372	-0.00964279	-0.0186647	-0.036435	-0.0259726	-0.0342777	-0.0194556	0.0474527	0.0453507	0.0557281	0.127515	0.271203	0.629873	1.23964	2.43925	4.8748
-0.000156036	-0.0291169	-0.0868393	-0.0319363	0.0152156	-0.00768973	-0.0253409	-0.0392804	-0.0775392	-0.0482508	-0.0645733	-0.0384538	0.099054	0.0892919	0.102926	0.235828	0.519395	1.2176	2.40183	4.73465	9.51771	18.8146


# resume 22
xmean
1	1	1	1	1	1	1	1	1	1	1	1	1	1	1	1	1	1	1	1	1	1
path for sigma
0.18209	-1.71765	-0.122063	-0.950214	-0.557971	0.536509	1.05225	-0.30182	-0.780053	-0.18128	0.526538	0.105621	1.35579	0.64816	-1.04843	1.2728	-0.418948	-0.477455	-0.356957	0.033104	0.12983	-0.45632
path for C
-0.049846	-0.236472	-0.140657	-0.130954	-0.103511	0.0494825	0.128692	-0.04312	-0.101161	-0.015469	0.0676433	0.145495	0.246174	0.131516	-0.0854097	0.135341	-0.0858122	-0.178992	-0.231841	-0.281192	-0.516844	-1.08315
sigma 5.48311e-09
covariance matrix
0.0225322
0.0140205	0.0241813
0.00964251	0.0140544	0.023746
0.00738091	0.00948542	0.0150665	0.0219387
0.00200528	0.00490235	0.00835717	0.0119495	0.0222956
-0.00105531	0.00108592	0.00311495	0.00568599	0.0114503	0.0220018
0.000346553	0.00134625	0.00336774	0.00528521	0.00871771	0.0154226	0.0287153
0.00102939	0.00212559	0.00240006	0.00231966	0.0041638	0.00899874	0.0157951	0.028819
0.00156904	0.000311127	0.00147951	-8.70179e-05	0.00343446	0.00467716	0.0080561	0.017513	0.0295319
0.0019001	0.00021265	0.000316055	0.000869273	0.0010868	0.00312288	0.00398445	0.00980963	0.018185	0.0293261
-0.000632003	-0.00167247	-0.00195206	-0.00130142	-0.00113409	7.50983e-06	-0.000161046	0.00253199	0.00745352	0.0147671	0.0248213
-5.88999e-05	-0.00381452	-0.00351315	-0.0014692	-0.000281444	0.00100212	0.00192428	0.00186812	0.000964309	0.00709426	0.0141975	0.0304799
-0.00032425	-0.00286278	-0.00437668	-0.00193694	-0.000738696	-0.00087743	4.40678e-06	-9.79695e-05	0.000519405	0.00621672	0.0089465	0.0198119	0.0346381
0.000177787	-0.00133863	-0.000849241	0.00116221	0.00272236	0.00095924	0.00234112	0.000590795	0.000843778	0.00367736	0.00442824	0.0115461	0.0218681	0.0382299
0.000537933	0.00280007	0.00047242	-0.0029138	-0.00245267	-0.00189363	-0.0005141	-0.000837244	0.000362182	0.00216535	0.00497734	0.00645964	0.0137579	0.0236613	0.0414586
-0.00210927	0.000251558	-0.00281597	-0.00222078	-0.000896524	-2.89672e-05	-0.000102016	-0.00164692	-0.00381575	0.000726763	0.00376678	0.00559094	0.01044	0.0156568	0.0274165	0.0447719
7.25964e-05	0.00106881	-0.00321313	-0.00380988	0.000452677	0.00276632	0.000845025	0.00085258	-0.000928395	0.00143304	0.00380662	0.00392875	0.00757352	0.012206	0.0218567	0.0360534	0.0651405
-0.000322699	0.000597412	-0.00423564	-0.00308217	0.00158754	0.00478569	0.00127832	0.00359963	0.00239614	0.00399987	0.00654097	0.00297411	0.00857431	0.00979961	0.0206895	0.0332855	0.0678642	0.123255
-0.000131973	0.00564573	-0.00705096	-0.00810409	0.00137232	0.00870316	0.00466702	0.00699986	-0.000373611	0.00250111	0.00621674	0.00176145	0.0136283	0.0134329	0.0246263	0.0437502	0.0958923	0.178246	0.345358
0.00219789	0.00821631	-0.0146069	-0.0172224	0.00202845	0.0156493	0.00826579	0.00815882	-0.00467494	0.00228605	0.00753696	0.000153144	0.0225045	0.0194879	0.0367591	0.0624981	0.151905	0.294422	0.582957	1.09908
0.00643795	0.0144862	-0.0311251	-0.0353386	0.00679951	0.0310837	0.0147313	0.0122163	-0.00976261	0.0031252	0.011727	0.000727582	0.0433152	0.0398785	0.068689	0.120124	0.282654	0.54958	1.09311	2.0888	4.12764
0.015892	0.0265564	-0.0586536	-0.0704608	0.0158606	0.0609444	0.0285125	0.0241921	-0.0209051	0.00521283	0.0239774	0.00240263	0.0864497	0.0755105	0.127165	0.225855	0.537675	1.0509	2.09515	4.01066	7.96931	15.6095


# resume 22
xmean
1	1	1	1	1	1	1	1	1	1	1	1	1	1	1	1	1	1	1	1	1	1
path for sigma
0.952738	-0.414495	-0.617324	1.05639	0.538894	-0.208925	0.331498	0.885094	0.145432	0.519314	0.84664	-0.183238	0.222502	0.34501	-0.205617	-0.273253	1.084	-0.428131	-0.474972	0.0953249	-0.852684	0.180522
path for C
0.0723535	-0.0226132	-0.0122986	0.109417	0.0889709	0.0251832	0.0865628	0.147787	0.0931067	0.0995986	0.0983699	0.0182464	0.0433459	0.0441165	-0.0228402	-0.0161233	0.0742396	-0.12374	-0.250786	-0.371484	-0.756713	-1.16974
sigma 5.61087e-09
covariance matrix
0.0192723
0.0105692	0.0190332
0.00456215	0.00893498	0.0171469
0.00185468	0.00611324	0.0117678	0.0196592
0.00164002	0.00444647	0.0054896	0.00942919	0.0200616
0.000767416	0.00304383	0.00137185	0.00160463	0.0109493	0.0189739
-0.000405669	0.00244864	0.00135056	0.00368027	0.00683163	0.00999096	0.018977
0.000863874	0.00147153	0.0026847	0.00472406	0.00266838	0.00348069	0.0105735	0.0210963
0.00209004	0.00399442	0.00397975	0.00740382	0.00357209	0.00205707	0.00652762	0.0127641	0.0245366
-0.000271705	0.0022064	0.00294361	0.00571494	0.00351399	0.000381081	0.00305506	0.00615734	0.0132106	0.0208723
-0.000936712	0.000888196	0.00180648	0.0022641	0.00277632	0.00134531	0.00318615	0.00483908	0.00707046	0.0116913	0.0210198
0.00101732	0.00107412	0.000343041	0.00174325	0.000525475	0.00140399	0.000861167	0.00220549	0.0050697	0.00744927	0.0116461	0.0241972
-0.00184068	-0.00189955	-0.000795384	0.00181744	-0.000121809	-0.00145394	-0.00102182	0.00178842	0.00137026	0.00470035	0.00676559	0.0139035	0.0241007
-0.00013517	0.000355601	-0.000947734	0.00161934	0.00110682	-0.000349899	-0.000951415	-0.000602989	0.000905822	0.00240679	0.00193965	0.00707785	0.0139613	0.0259838
-0.00184448	-0.00123435	-0.00151658	-0.000180974	0.00131627	0.000684363	0.000506166	-0.000612792	0.00219025	0.00250074	0.00162749	0.00445322	0.00873584	0.0174712	0.0303514
-0.000593141	-0.0015058	-0.000727104	-0.000138413	0.00328766	0.00239042	0.000404203	-0.000227308	0.00214842	0.000169236	0.00296445	0.00137568	0.00327504	0.00795278	0.0191258	0.0358683
-0.00280149	-0.00135458	0.0024048	0.00154981	0.00175771	0.0020852	0.00089588	0.000442572	0.00294793	0.00028586	0.00194839	-0.00125157	-0.000201694	0.0055411	0.0160194	0.0280423	0.0515193
-0.000888063	-0.00144511	-0.00157801	-0.000840361	0.00186494	0.00108834	0.000800098	-0.000880728	-6.91378e-05	-0.0012677	0.00169471	-0.000163606	0.00132539	0.00382099	0.015452	0.025043	0.0476658	0.0891289
-0.00375959	-0.00255186	-0.000431198	0.000108029	0.00381702	0.00183617	0.00301241	0.00302539	0.00310093	-0.000409572	0.00191184	-0.00254371	0.00297116	0.00770317	0.0193664	0.0318637	0.0638358	0.12617	0.24391
-0.00898654	-0.00345729	7.41808e-05	0.00178627	0.00940345	0.00550548	0.00726893	0.00872637	0.00899574	0.0029657	0.00580921	-0.00481524	0.00411768	0.0106305	0.035651	0.0569742	0.110158	0.218451	0.435669	0.873065
-0.0113071	-0.000903237	0.00538983	0.00697691	0.021089	0.0140436	0.0139162	0.0152787	0.0185941	0.00835469	0.0115301	-0.00799139	0.0112865	0.0192692	0.0680779	0.105307	0.200188	0.400805	0.807127	1.64253	3.22362
-0.0253533	-0.00201196	0.0134752	0.0150939	0.041638	0.0280522	0.0286952	0.0338553	0.0357244	0.0155265	0.0227241	-0.0158918	0.0212571	0.0331186	0.127908	0.199048	0.382583	0.766948	1.5466	3.16254	6.25492	12.3176


# resume 22
xmean
1	1	1	1	1	1	1	1	1	1	1	1	1	1	1	1	1	1	1	1	1	1
path for sigma
0.200484	0.597204	0.0856053	0.823605	0.222691	1.06616	-0.247337	-0.285389	-1.29597	-1.5467	-0.426933	0.643044	0.638511	1.70317	0.459108	1.73572	-0.457373	-0.609695	0.938575	0.203422	0.00686013	-0.534437
path for C
0.0582868	0.0857987	0.0740967	0.126415	0.0944487	0.146058	-0.0216142	-0.0883495	-0.22178	-0.229971	-0.0754208	0.0966499	0.176686	0.306192	0.231739	0.293277	-0.00528877	-0.0681016	0.0631886	-0.115394	-0.385253	-0.810216
sigma 6.4098e-09
covariance matrix
0.0163695
0.00911912	0.0201117
0.00455527	0.0125544	0.0217429
0.00431186	0.00830454	0.0129844	0.0193867
0.00208858	0.00437697	0.00628641	0.00941552	0.0165726
0.00180577	0.00390401	0.00545559	0.00722804	0.00899401	0.0185664
-0.000120958	0.00150925	0.00249309	0.00224141	0.00481204	0.0107202	0.0200297
-0.00111495	0.00112377	0.00164923	0.00221387	0.00277991	0.00732627	0.0118959	0.0228212
-0.00109356	0.00128598	0.000593123	0.00205511	0.000898702	0.00371154	0.00771952	0.0132907	0.0242008
2.82494e-05	0.00263789	0.00278723	0.00152434	-0.000686106	0.00153781	0.00215149	0.00618316	0.0128358	0.0236526
-0.00235256	0.00354743	0.00398905	0.00210322	0.00238851	0.00215508	0.00172535	0.00376593	0.00686324	0.0136927	0.0250192
-0.000643659	0.00318557	0.00360773	0.00335755	0.00176773	0.00253057	0.00278647	0.00231634	0.00655328	0.00903014	0.0151643	0.0272259
0.000221742	0.000920433	0.00334586	0.0042704	0.00156398	0.00208179	0.0026383	0.00135691	0.00237532	0.00394635	0.00959792	0.016961	0.0280671
0.00191769	0.00175238	0.00233082	0.0016741	-0.000242234	0.00117541	0.000636724	-0.000471455	0.00107058	0.00210423	0.0048823	0.0111814	0.0171982	0.0304152
-0.000118539	-0.000201799	0.00261521	0.0015484	0.000103065	-0.00056915	-0.0021781	-0.000950337	-0.00162036	-5.35448e-05	0.00229403	0.00633216	0.0105019	0.0197973	0.0316803
0.00120459	-0.000702151	0.00135814	0.00319605	0.000988145	-0.00012545	-0.00202504	-0.000707594	-0.00386653	-0.00251646	-0.000981059	0.00346748	0.00939768	0.0135291	0.0221178	0.0415962
0.000522398	0.000468523	0.000596561	0.00315486	-0.000187075	-0.000339652	0.000995499	0.00113574	-0.000819178	-0.000131519	0.00134175	0.00306338	0.00806101	0.0113921	0.0152776	0.0314709	0.0542823
0.00201935	0.0029906	0.00180483	0.00482547	-0.00112496	-0.00262515	-0.00431351	-0.00159187	-0.00218284	-0.00287407	-0.00155984	0.00188484	0.00719245	0.0124776	0.0144939	0.0310226	0.0543497	0.099515
0.000684921	0.00165938	0.00310724	0.00783646	-0.00275421	-0.00391076	-0.007578	-0.00250309	-0.00460523	-0.00830331	-0.00226193	-0.000218281	0.00605245	0.0156633	0.0197717	0.0352643	0.0650447	0.127636	0.229223
0.0042327	0.000363357	0.00380129	0.0136908	-0.00602694	-0.00687109	-0.0127175	-0.00509294	-0.00970222	-0.016744	-0.0101092	-0.00582747	0.00904617	0.0244502	0.0311807	0.0583259	0.106076	0.213062	0.397082	0.780921
0.00725502	0.0049056	0.00818581	0.0276556	-0.00748095	-0.012118	-0.0234499	-0.0102472	-0.0195249	-0.0329373	-0.0201021	-0.00986667	0.0131507	0.044217	0.0555291	0.110318	0.19697	0.395003	0.739362	1.4815	2.95793
0.0150389	0.00884778	0.0155986	0.0586626	-0.0147649	-0.0213417	-0.046071	-0.0197574	-0.0407818	-0.0710043	-0.0408531	-0.0215002	0.0244187	0.0905003	0.111164	0.220983	0.382746	0.756785	1.40778	2.82969	5.69427	11.1576


# resume 22
xmean
0.989068	0.975428	0.97073	0.944797	0.905777	0.821528	0.676302	0.458182	0.211865	0.0372393	0.00660251	0.020771	0.0117689	-0.000675805	0.0166511	0.013793	0.0037691	0.0151805	0.00642857	0.0267401	0.0174398	0.000440438
path for sigma
-0.0849364	-1.21968	0.465709	-0.761386	0.15208	-0.40381	-0.597201	-0.390855	-0.451003	-0.602693	-0.437614	-0.883774	-0.412125	-0.866422	0.713151	-0.26616	0.158844	0.791599	-0.605131	-0.710388	1.23886	-0.522484
path for C
-0.3839	-0.942313	-0.40229	-0.838488	-0.650622	-1.02666	-1.22682	-0.936556	-0.743211	-0.5316	-0.284044	-0.49903	-0.220301	-0.456025	0.433	-0.108433	0.135189	0.340976	-0.329114	-0.461773	0.553888	-0.375393
sigma 0.0110588
covariance matrix
0.573215
0.518394	0.848423
0.475455	0.76413	1.14259
0.347739	0.64459	1.05543	1.60247
0.246515	0.523229	0.949908	1.58743	2.35498
0.207881	0.400945	0.792041	1.39868	2.25537	3.04704
0.14998	0.299299	0.553369	1.02802	1.7764	2.6739	3.35389
0.0793555	0.181696	0.299513	0.593179	1.06774	1.79116	2.39059	2.53557
0.0385883	0.113216	0.0980392	0.213845	0.399468	0.769232	1.24055	1.37251	1.34094
-0.00910589	0.0771027	0.0557903	0.100072	0.149017	0.225476	0.305533	0.339563	0.313125	0.430465
0.0165829	0.0124245	0.0162341	0.00793425	-0.0177131	-0.00531122	-0.0273462	0.0102289	0.0468463	0.0362815	0.340744
-0.00889736	0.012481	-0.0176955	-0.00480305	0.0119304	0.059481	0.0871165	0.145916	0.100771	0.0394979	-0.0329728	0.427728
0.0216402	-0.00488615	-0.0117458	0.00514026	0.0304572	0.0746084	0.0651512	0.0182018	0.0639891	0.00680654	0.0241346	-0.00235287	0.316743
0.0478506	0.0139821	-0.0117495	-0.0070319	0.0109537	-0.0117962	-0.0138593	-0.0399411	-0.0184518	-0.00586267	0.00337192	-0.00462773	0.0399492	0.357326
0.0088531	-0.0102632	-0.0245903	-0.0117755	0.0110633	0.00768494	0.035779	-0.00482374	0.00498538	-0.00608923	-0.0100212	0.0111682	0.000888829	0.0423405	0.387141
-0.0232794	0.00532664	0.0306531	0.0394589	0.0278709	0.0397712	0.0588991	0.0969217	0.0944227	0.0263776	0.00144437	-0.0272834	0.00259493	-0.00258587	0.00981077	0.331153
0.00361731	-0.0179974	-0.00170909	0.00726596	0.0242803	0.0375989	0.0363121	-0.0291787	-0.00249675	-0.00364176	0.00579181	-0.0871978	-0.00848761	0.0126058	0.0348137	0.00438212	0.41594
0.00883058	0.0206511	0.00296446	0.0102071	-0.00582064	-0.0177898	0.0321631	0.0829324	0.00287198	0.0432551	-0.0148554	0.0422493	-0.00945699	-0.013994	-0.00773921	-0.0169561	-0.0164302	0.375822
0.00824729	0.0188227	-0.0177124	-0.0418801	0.000824254	-0.00500633	0.0114853	0.0104787	-0.0331232	-0.0651335	-0.00787763	0.0075345	-0.0213827	0.0197678	0.0561594	0.00183788	-0.015679	-0.0232002	0.363946
0.0383648	0.0274883	0.00869874	0.00230199	0.0144558	0.0652109	0.123026	0.18544	0.164652	0.0624145	0.0138481	0.0487226	-0.031045	0.0210727	0.0102338	-0.0372395	-0.0338885	0.0155696	0.0590515	0.378838
-0.00798397	-0.0170551	-0.0358655	-0.00637639	0.0135603	0.0381891	0.0652672	0.0808657	0.0855693	0.0571932	0.0143885	-0.00835287	0.0322549	0.0398425	0.061921	0.0345946	0.0380837	-0.00763598	0.0395417	0.00152644	0.350437
0.0173836	-0.00377667	-0.0218799	-0.00164629	-0.0198586	-0.0035222	0.0596138	0.0867157	0.0569021	0.0340267	0.0210222	0.0679621	0.0276144	0.0389352	-0.0166307	0.0449621	-0.0492265	0.040343	-0.0298534	-0.0166955	0.0277345	0.368683

